  0.00000076654159826  0.00000333490796142  0.00000533732559327  0.00000698909625925
  0.00000841249397052  0.00000950504548145  0.00001068250612142  0.00001216313711687
  0.00001413304238152  0.00001569746975120  0.00001678814292891  0.00001769951459566
  0.00001848312233875  0.00001912763514333  0.00001979012960528  0.00002043876620539
  0.00002125829650597  0.00002194125524811  0.00002243427263893  0.00002297436302457
  0.00002360850572748  0.00002429796660890  0.00002505560992785  0.00002585161243943
  0.00002661215695982  0.00002719398326071  0.00002756448315839  0.00002794880332771
  0.00002824614351327  0.00002850257372385  0.00002879335717590  0.00002910110191387
  0.00002943062409526  0.00002980388000269  0.00003012434833490  0.00003038841491045
  0.00003064555534421  0.00003088876310972  0.00003112332086998  0.00003138303975939
  0.00003171607472679  0.00003213236746861  0.00003257391049279  0.00003300363581940
  0.00003343081041511  0.00003382732432425  0.00003421542915199  0.00003455770957663
  0.00003484225077215  0.00003507231177852  0.00003527893590503  0.00003553701865443
  0.00003575110460465  0.00003590644106415  0.00003617217276806  0.00003654753533083
  0.00003704901223135  0.00003780180314029  0.00005892729444688  0.00006226216467152
  0.00006416568382616  0.00006568536355949  0.00006679926678367  0.00006782370985679
  0.00006903016365328  0.00007031753671801  0.00007192732560040  0.00007354687295618
  0.00007518383228566  0.00007735188430982  0.00007980283727342  0.00008333653241155
  0.00008703940099421  0.00009106891981850  0.00009578795297994  0.00010048321554320
  0.00010448934339134  0.00010713404001853  0.00010952273831300  0.00011236731181744
  0.00011485540369904  0.00011865490756977  0.00012381370210739  0.00012920784521848
  0.00013522283242870  0.00014185993980648  0.00014858830615549  0.00015658415642465
  0.00017820154745164  0.00020861987372298  0.00022955300839702  0.00024610055926278
  0.00026785850130329  0.00034804015748872  0.02759199130823985  1.00000000000000000
 -0.00000675950721959  0.00007335303707782  0.00008385893942216  0.00008821964474641
  0.00009020208195494  0.00009092167480839  0.00009129559479095  0.00009148319696215
  0.00009163860301267  0.00009177526858433  0.00009186858727622  0.00009193850106465
  0.00009198578486965  0.00009202712613817  0.00009206701661343  0.00009210706082084
  0.00009214373664150  0.00009217318218839  0.00009219957529120  0.00009222349748238
  0.00009224625887301  0.00009226889448292  0.00009228792171305  0.00009230242064018
  0.00009231330767809  0.00009232160377088  0.00009232894914448  0.00009233574965210
  0.00009234226984128  0.00009234856313194  0.00009235447217733  0.00009235918703715
  0.00009236374445011  0.00009236808056100  0.00009237220229572  0.00009237622996102
  0.00009238022406033  0.00009238404824591  0.00009238760749852  0.00009239086585655
  0.00009239381385918  0.00009239663692659  0.00009239939916837  0.00009240209741551
  0.00009240468615231  0.00009240742096826  0.00009241042727090  0.00009241427452487
  0.00009249193734712  0.00009250055829518  0.00009250387054963  0.00009250680470394
  0.00009250948260096  0.00009251211952177  0.00009251472957713  0.00009251740632921
  0.00009252043410685  0.00009252358536125  0.00009252699908020  0.00009253114246437
  0.00009253533334992  0.00009253961152375  0.00009254416931852  0.00009254919554039
  0.00009255467552649  0.00009256061816464  0.00009256722474418  0.00009257470783017
  0.00009258251009132  0.00009259026342531  0.00009259802873652  0.00009260629090605
  0.00009261609621697  0.00009262876960366  0.00009264844131746  0.00009267580687408
  0.00009270407454092  0.00009273845645232  0.00009278129336431  0.00009283300400046
  0.00009289754662591  0.00009297348981800  0.00009305336811832  0.00009314619804249
  0.00009327097379775  0.00009348106102266  0.00009371910223244  0.00009392177868298
  0.00009421678136417  0.00009499661497441  0.00009750347374326  0.00010327241747568
  0.00011992684923965  0.00024738943696485  0.02077456311999003  1.00000000000000000
 -0.00009102577587474  0.00061506913180037  0.00148510414889590  0.00275628592608008
  0.00464472763782941  0.00780045145453150  0.01015625571571847  0.01338438326332951
  0.01715756876276000  0.02051837256261333  0.02392693772288071  0.02826186978199299
  0.03401490716486143  0.03908473421692159  0.04238222247449022  0.04496751715878780
  0.04795394745501052  0.05212410834832795  0.05625257364972752  0.06021056015000577
  0.06377594977058522  0.06730500288494075  0.07164324454192543  0.07627916754603613
  0.08087726897759291  0.08565623937818605  0.09030854525072535  0.09471353235335019
  0.09931407206562595  0.10415472229629699  0.10926351442326296  0.11446249031412373
  0.12077339649959527  0.12756299613817743  0.13757260730664414  0.14709087533606288
  0.15545386003707815  0.16518453817237302  0.17721535037186104  0.18504121522868430
  0.19080508374268673  0.19725987508322690  0.20389833767378721  0.21106835491974729
  0.21765907203243531  0.22401469098870441  0.23060877367252941  0.23828935726471936
  0.24640139487746690  0.25400052015067931  0.26128618056080621  0.26874201834427436
  0.27754584094859236  0.28712624988858704  0.29996081893074528  0.31233369542521283
  0.32359343150191433  0.33476476305335562  0.34557634482302424  0.35588837013381541
  0.37005704272027296  0.38162868319234877  0.39182378153955327  0.40028617914815756
  0.40775053247441512  0.41523751882877152  0.42311058023190268  0.43114616420002450
  0.44138147815249357  0.45716511596013604  0.47550323080767853  0.49261113382631555
  0.50759431153422852  0.52150566018267253  0.53578586768807623  0.55118470324739866
  0.56889100796476899  0.58644758108815664  0.60526948932414659  0.62635804305525011
  0.64856228720024134  0.67156822150428219  0.69617571233249886  0.72645682117469490
  0.75205547162088393  0.77680863102863440  0.80208049973594253  0.83014146881120221
  0.86244033207980664  0.89272075782740290  0.91471765799024907  0.93355077571107892
  0.94932700171015916  0.96565486729556271  0.98373680001075980  1.00000000000000000
 -0.00311485165925838  0.00921277820763764  0.02425928590513844  0.04066972917716945
  0.05518788210464379  0.06759417521418612  0.07953437465576091  0.09108135648604136
  0.09974610142587741  0.10838678877550809  0.11841495960699415  0.12753356222198572
  0.13624392555377607  0.14340346016123698  0.15127412619136607  0.15950639326330399
  0.16695445582531285  0.17356944610624978  0.18471247441523789  0.19790295761875229
  0.21048246004699855  0.22300588976006519  0.23650491164077506  0.25117729740546985
  0.25890316301829147  0.26734270355593714  0.27651543346184571  0.28415347029736276
  0.29102043557694302  0.29790518401750199  0.30452109472029676  0.31330159078528474
  0.32376601363264207  0.33323834014857490  0.35030519555183626  0.36615186314320974
  0.37925376303376468  0.39332112039305084  0.40929341244968576  0.42578056812231718
  0.44029039175331686  0.45523611867652197  0.46816296762385012  0.47925279078115723
  0.48956260106245642  0.49995598226015436  0.50834345371029954  0.52010352029102180
  0.53177358368077376  0.54076067198441991  0.54902115620503267  0.55899356694941327
  0.57040067243445658  0.58195464343510328  0.59226618187014690  0.60088413339575397
  0.60917909324491282  0.61803217724817738  0.62702422319470785  0.63683240903537874
  0.64192792887694072  0.64642974131902875  0.65364604251485159  0.66443569380605394
  0.67883325896672808  0.69537024242309209  0.71224926001544864  0.72827469576601855
  0.74558032809873809  0.76214788113672549  0.77150412706177429  0.77425558427731622
  0.77797186704020338  0.78304005245508468  0.78550423744435971  0.78980279923916541
  0.79793299698161702  0.80824458771342578  0.81761287227504320  0.82561869777382768
  0.83467822726480445  0.84582733620852035  0.85770365961542583  0.87006781490863350
  0.88171550093936057  0.89015137984202330  0.89856460469912136  0.90766589989412350
  0.91577369381002549  0.92207777186554207  0.92815951416577036  0.93865863420067641
  0.95619228901588360  0.97353823321074706  0.98730181428518171  1.00000000000000000
 -0.00783553357872803  0.01389744485902898  0.03624165556483450  0.05940417095188848
  0.07884242329119798  0.09555951915545269  0.10911165450174196  0.11985248300648427
  0.13261921547957073  0.14378643052307025  0.15201337307428106  0.16399974131312933
  0.17704191147719281  0.19100142494795924  0.20705852055987947  0.22527994197094312
  0.24453114039790932  0.25920639667136702  0.27218054909860268  0.28408904493631315
  0.29679258288994792  0.31218435484179624  0.33036109267755243  0.35011321742221396
  0.36908533209452760  0.38319731759777742  0.39469254441549906  0.40392554481808213
  0.41202483154047836  0.42141178837891680  0.43332907376352625  0.44775450150792939
  0.46442720260479264  0.48258514958922427  0.49884785531589859  0.51440072648529767
  0.52661838434368125  0.53625092768560978  0.54549873184318765  0.55251832777182952
  0.55756282203725327  0.56386392551038944  0.57369710731756685  0.58253963943646037
  0.58993667299406016  0.59770375976098378  0.60572580839178947  0.61349695771499047
  0.62053791493900579  0.62681679369807952  0.63140979849081547  0.63559421671431993
  0.63986641315942161  0.64532577499624444  0.65068772117074269  0.65751920190785318
  0.66703051265609736  0.67974761149594520  0.68853146525268771  0.69451559533865870
  0.69983854946924806  0.70449859738988196  0.70789803292591380  0.71265638732367553
  0.71842089546005417  0.72678126123157516  0.73668624962476270  0.74282317098174477
  0.74927407540015623  0.76074946339827776  0.77459123682811892  0.78796643646473397
  0.79619814490912288  0.80252847857966669  0.80757802403075851  0.81129194546433081
  0.81579280691980460  0.82022640291728655  0.82646549054152829  0.83308196738774243
  0.84125599608854340  0.84767877906291134  0.85469210868707557  0.86408286351533814
  0.87413701022799595  0.88209486314684482  0.88959096374337432  0.89684669706936149
  0.90510546116030666  0.91462981430061052  0.92536861107612001  0.93856936315507555
  0.95418063421913624  0.97083684174632467  0.98665341873604406  1.00000000000000000
 -0.00100580232477841  0.00496067647943340  0.01127632897616006  0.02005643738675755
  0.02934897420296483  0.03893128582588046  0.05203765341137345  0.06467812336160292
  0.07800068865919337  0.08644551623124813  0.09260558634785621  0.09848100886756213
  0.10612245636552915  0.11382575511821966  0.12358038576791391  0.13089044406339967
  0.13781599338357359  0.14507050957434389  0.15343990759386669  0.16250229308765560
  0.17047886110886706  0.17710441208925468  0.18623821152897260  0.19622084420059868
  0.20550065574922113  0.21466657138856202  0.22272127381376872  0.22974011334827008
  0.23776136330905359  0.24594441770124578  0.25308444968544214  0.25915451735708300
  0.26662303438830437  0.27752815133545550  0.29173166904389386  0.30973104227381043
  0.32729015053792987  0.34491447195833419  0.36209856289085501  0.37839872083281240
  0.39595072839660250  0.41376580282855363  0.42614472214773080  0.43545775769647260
  0.44550299776135865  0.45745861323287096  0.46975510013362831  0.48025591909730680
  0.49613822380487238  0.51458791433170670  0.53448891079077243  0.55356676091297441
  0.57054372412181753  0.58556385728532279  0.59895734503933795  0.61157058034234324
  0.62501759380019317  0.63869043494968136  0.64918103892693058  0.65789031412428223
  0.66655669823692665  0.67478188109625137  0.68215461077535455  0.68931922990603345
  0.69758851072978001  0.70976337379113585  0.71812944769766074  0.72579392463128700
  0.73471624927639856  0.74672921793129143  0.75602411602548447  0.76156517344107677
  0.76718015772150427  0.77418774205323904  0.78310645857772521  0.79201673786167570
  0.80224668962900647  0.81822339249728471  0.83388246015069523  0.84646714824405178
  0.85830906303926424  0.86872009226366276  0.87693869568582972  0.88669329995099710
  0.89777236588857745  0.90679258644302907  0.91530241266053058  0.92318227045305334
  0.93221786598486078  0.94458350756194009  0.95488283263205886  0.96391401108234298
  0.97245945371479148  0.98187598698478240  0.99123526729917899  1.00000000000000000
 -0.00352516966311530  0.01018191225146870  0.02305797175224009  0.03435221007689078
  0.04566126873343931  0.05771006242154927  0.06802420684696127  0.07716193893208030
  0.08604279999819875  0.09470533930681850  0.10292035073298325  0.11268801914447871
  0.12070583833219511  0.12721230944530448  0.13325154463868658  0.14295035213893298
  0.16046430674535697  0.17491601880450836  0.18288771813370117  0.19070571366347217
  0.19969759265016440  0.20995943991621266  0.22115106102400306  0.23024671509021474
  0.24198910115041625  0.25093925745684253  0.25868957094804662  0.26915594871643139
  0.28164301178514062  0.29491350147622120  0.30792394447148258  0.32041372833766374
  0.33488126660907391  0.34906529282388593  0.36209807807504196  0.37516920017979699
  0.38857170550593811  0.40054033360690822  0.41299909280074748  0.42567379608479933
  0.43772749257189630  0.45023216892337981  0.46295392303045962  0.47478809362793328
  0.48594250123003363  0.49829532247780672  0.51084972440130871  0.52279537420064981
  0.53206122406468437  0.53583159310189632  0.54272433719939017  0.54914336087918125
  0.55341169803421086  0.55770516577568596  0.56449263602274491  0.57134782460871725
  0.58266915734898395  0.59704885642401051  0.61261986452196859  0.62823925436331018
  0.64248362567120332  0.65253036603008319  0.65937192644220244  0.66628625941275810
  0.67260247792323447  0.67912690365165040  0.68649441985175652  0.69170380327906666
  0.69558723444520920  0.70168404043345267  0.70815586094722216  0.71542549813096257
  0.72267431736649390  0.72831044448704896  0.73834763175876073  0.74953232805456693
  0.76093416698611471  0.77168312824822760  0.78095745498983260  0.78836082232244964
  0.79556294044174802  0.80666845238805807  0.81802341583186466  0.82950113598685427
  0.84239795011803675  0.85603118995554228  0.87039550449849157  0.88448446406541026
  0.90455811413094001  0.92338245473296532  0.93565263861649350  0.94843561517829611
  0.96129603721853685  0.97433885092625228  0.98640745671463848  1.00000000000000000
 -0.00158507437804632  0.00513167037831563  0.01343370769723682  0.02197312584614417
  0.03152949162212144  0.04091092071658523  0.05543292434046720  0.06797575626632282
  0.07958838676143279  0.09064473629450688  0.10116509690006596  0.11055564533492240
  0.11946651381430717  0.12803107031122410  0.13851660090856582  0.15192850284182330
  0.16419651542358851  0.17710643922316385  0.19200540579177669  0.20891567722081264
  0.22710002931309489  0.24351580152158950  0.25871133326711265  0.27260810120581114
  0.28432044811282164  0.28983286157753896  0.29605025566444221  0.30284463147848961
  0.31028566884269138  0.31832152873033853  0.32433009138005409  0.33649928029798515
  0.35095728496869300  0.36829835780598030  0.38709950379200414  0.40178867359978881
  0.41165146112268963  0.42066734812228890  0.43098226649496085  0.43971482377901644
  0.44608475909475392  0.45191123501028441  0.45909301120371193  0.46822311090645230
  0.48111559312333774  0.49586352169329645  0.51389230359055860  0.53807642956808099
  0.55455055342519066  0.56693816735518288  0.57739269004762661  0.58708934339226659
  0.59522613841023186  0.60266135983077140  0.60965977334813004  0.61720183130242556
  0.62777695767918584  0.64505582146924167  0.65883613126565710  0.67339567208422479
  0.68897096158833593  0.70269402163119987  0.71497185761669590  0.72442771734186195
  0.73455546358605406  0.74325218295685525  0.75199491365910842  0.76055660354409860
  0.76877069551474120  0.77629708915572448  0.78416775272066719  0.79277468689186970
  0.80014730706353099  0.80526784498429171  0.80902023097049880  0.81270637094694420
  0.81727248082399551  0.81964964819132013  0.82314267181654499  0.83038606244046109
  0.83878346038846174  0.84655866446315076  0.85813605899628187  0.87274161191423838
  0.88713125200424359  0.90081130295509304  0.91468480955738729  0.92912291147030091
  0.94170987717245391  0.95557438349751977  0.96558415900086036  0.97237829303713585
  0.97852278224931644  0.98563028938718589  0.99248729435498995  1.00000000000000000
  0.32241654666650549  0.79903013292872760  0.81838256404883247  0.82872761983760679
  0.83357211844515822  0.83582525823205167  0.83720588655413686  0.83848202586179721
  0.83973967340917233  0.84189837289260561  0.84456903498558278  0.84682660875920468
  0.84882651218721272  0.85033243489434007  0.85121786254569898  0.85226825255935812
  0.85337556970525730  0.85433698236149591  0.85561833513177032  0.85814591382916716
  0.86120530929768646  0.86368992260332944  0.86571991920501645  0.86769236386849879
  0.86997971667738572  0.87300559238382058  0.87524665393564338  0.87688741451356822
  0.87796847665018130  0.87882273171400083  0.87973478292262008  0.88082608657065997
  0.88167232010892871  0.88353158369984341  0.88588391013341083  0.88788047243329626
  0.88945449138199917  0.89077331641069646  0.89200439874848803  0.89333747762222160
  0.89489448616594403  0.89649484838890203  0.89810328887617585  0.89984069095845154
  0.90162872543352868  0.90341430461195593  0.90531665867982192  0.90687159564637743
  0.90823345080232620  0.90953622304562920  0.91071375372205665  0.91188141226932706
  0.91326248050741909  0.91504244660741907  0.91682015423111141  0.91827806377639298
  0.91950681435239257  0.92066381191335045  0.92192827010026879  0.92344593024579502
  0.92518096037730546  0.92705856856503110  0.92876505580818869  0.93021445337184994
  0.93167641005384305  0.93307163903246559  0.93429596625928124  0.93553887420234139
  0.93691845456940837  0.93838968696668257  0.93976741807427722  0.94125145769783414
  0.94270682435713649  0.94421468045766632  0.94577920334505039  0.94704758503647601
  0.94814064633903183  0.94940258467517413  0.95067324438498979  0.95198640667209300
  0.95343751696031609  0.95500884067997094  0.95674700889537878  0.95873832157106365
  0.96096047936576545  0.96344174392952253  0.96591412517951192  0.96818827099572469
  0.97004512850541924  0.97192291041696766  0.97413207598139651  0.97683849341625473
  0.98027441820942207  0.98490743580101459  0.99047950444741784  1.00000000000000000
 -0.01205585040136949  0.18995749463405193  0.23969117956921604  0.25354888763812289
  0.26627445400563299  0.27801484806463861  0.29151758259784638  0.30512770018765756
  0.31633855066470501  0.32317007558873434  0.33022733566781132  0.33876391966613595
  0.34726806457429626  0.35613835916598569  0.36942874577882029  0.38526468363935507
  0.39965886845110432  0.41190019987294135  0.42238306872031611  0.43330808142982530
  0.44066002084637235  0.44676325636518061  0.45393222053891213  0.46540115010140487
  0.47549768668515829  0.48200618102692033  0.48735031963905706  0.49188803224457345
  0.49573086054139720  0.49931878952307895  0.50379287210682266  0.51191812831615946
  0.52404958110769240  0.53609451181879608  0.54435404323689862  0.54965714823346179
  0.55485988586205526  0.55910392699015343  0.56297240198518872  0.56775433054076352
  0.57235192294477999  0.57536591621236033  0.57811228762060696  0.58061315719442674
  0.58562707228942779  0.59144171252178468  0.59643789055018503  0.60107499638975426
  0.60518097321362851  0.60944917175500335  0.61354700131530326  0.61727328685926608
  0.62186985769325753  0.62684240825856485  0.63542315475207645  0.64567538834964422
  0.65236757973163073  0.65901508397713537  0.66480690432558498  0.67038606111695509
  0.67671108850450934  0.68377616545801978  0.68957947398134900  0.69233662587516498
  0.69386333132975275  0.69607504543760779  0.69890412339675489  0.70146497663827911
  0.70374208860195619  0.70683608775998774  0.71164443363098306  0.71641308813948190
  0.72112066224478255  0.72592211710972121  0.73064403591815608  0.73576742313477173
  0.74063739648168136  0.74539268731640140  0.75018233169919335  0.75520437774012383
  0.76053397197762374  0.76753912779281985  0.77403105263598349  0.77931083271334201
  0.78527292339660204  0.79248009191664359  0.80086460481077615  0.81050488952107236
  0.82117662572419492  0.83289077285549995  0.84656388743559075  0.86797801504776018
  0.89387260854453143  0.92609223941565266  0.96622858307852966  1.00000000000000000
   6.0654651108974160E-010  -1.0000000000000000     
 T T T T T T T T T T T T T T T T F F F F F F F F F F F F F F F F F F F F F F F F F F F F F F F F T T T T T T T T T T T T T T T T T T T T T T T T T T T T T T T T F F F F F F F F F F F F F F F F F F F F F F F F F F F F F F F F T T T T T T T T T T T T T T T T
  <DiscreteSampler_grid>
  grouped_processes
  1 # 1 for a reference and 2 for a running grid.
  10 # Attribute 'min_bin_probing_points' of the grid.
  1 # Attribute 'grid_mode' of the grid. 1=='default',2=='initialization'
  0.0000000000000000 # Attribute 'small_contrib_threshold' of the grid.
  0.5000000000000000 # Attribute 'damping_power' of the grid.
 # binID   n_entries weight   weight_sqr   abs_weight
    13   10   4.195063543002535E-007   8.515635905814254E-013   4.195063543002535E-007
    14   10   4.195063543002533E-007   8.515635905814249E-013   4.195063543002533E-007
    16   10   4.405975253468189E-007   1.074799710315908E-012   4.405975253468189E-007
    17   10   4.405975253468185E-007   1.074799710315907E-012   4.405975253468185E-007
    22   10   4.195063543002535E-007   8.515635905814252E-013   4.195063543002535E-007
    23   10   4.195063543002534E-007   8.515635905814255E-013   4.195063543002534E-007
    25   10   4.405975253468187E-007   1.074799710315907E-012   4.405975253468187E-007
    26   10   4.405975253468185E-007   1.074799710315906E-012   4.405975253468185E-007
    31   10   4.195063543002535E-007   8.515635905814254E-013   4.195063543002535E-007
    32   10   4.195063543002533E-007   8.515635905814246E-013   4.195063543002533E-007
    34   10   4.405975253468187E-007   1.074799710315907E-012   4.405975253468187E-007
    35   10   4.405975253468184E-007   1.074799710315906E-012   4.405975253468184E-007
    40   10   4.195063543002535E-007   8.515635905814252E-013   4.195063543002535E-007
    41   10   4.195063543002535E-007   8.515635905814254E-013   4.195063543002535E-007
    43   10   4.405975253468187E-007   1.074799710315907E-012   4.405975253468187E-007
    44   10   4.405975253468184E-007   1.074799710315906E-012   4.405975253468184E-007
  </DiscreteSampler_grid>
