  0.00000084057587766  0.00000137060386596  0.00000160132782194  0.00000176166735246
  0.00000195895837696  0.00000221197298196  0.00000247309626260  0.00000267032214338
  0.00000283996613143  0.00000301093802093  0.00000318937580409  0.00000340081718850
  0.00000366657062019  0.00000402819056521  0.00000447021257888  0.00000480593894315
  0.00000509789777489  0.00000533464372328  0.00000555440163579  0.00000578547519873
  0.00000602152481998  0.00000621162169804  0.00000640582814282  0.00000660655857329
  0.00000680483923920  0.00000698025534354  0.00000713178705521  0.00000727317537363
  0.00000741742657739  0.00000754159835911  0.00000767336797617  0.00000779691762705
  0.00000791448878275  0.00000804199663069  0.00000817569790026  0.00000830650383398
  0.00000843451079316  0.00000855955748383  0.00000866887394182  0.00000877815106714
  0.00000889218089408  0.00000900927926693  0.00000912679049322  0.00000923792378416
  0.00000935064575085  0.00000946956006848  0.00000959311309581  0.00000972374290272
  0.00000985393652433  0.00000997806037418  0.00001009377517453  0.00001020464711354
  0.00001031118609096  0.00001041113348812  0.00001051428366187  0.00001062978418761
  0.00001075508720434  0.00001088035048517  0.00001101065423962  0.00001115121459873
  0.00001129506138340  0.00001143946724800  0.00001158932658498  0.00001173703692460
  0.00001187452224700  0.00001200989800878  0.00001214723966156  0.00001228872539351
  0.00001242916368213  0.00001257136562135  0.00001273037272624  0.00001291790240639
  0.00001311846114621  0.00001331404012250  0.00001352124156175  0.00001375345687002
  0.00001400552945537  0.00001423892702673  0.00001445745556436  0.00001469643407131
  0.00001496928916384  0.00001515360089793  0.00001535372695413  0.00001555395379485
  0.00001582951313025  0.00001614087422258  0.00001644292596528  0.00001676936471293
  0.00001712985826416  0.00001749081470348  0.00001785913749256  0.00001832004527636
  0.00001884148539989  0.00001949796595644  0.00001982474893226  1.00000000000000000
  0.00000084874515791  0.00000172437833353  0.00000209746434357  0.00000236169903462
  0.00000265365910314  0.00000298980817229  0.00000315695387415  0.00000332484699195
  0.00000346854213023  0.00000360898089232  0.00000373898106246  0.00000388062210539
  0.00000403880918303  0.00000418597918723  0.00000433174031076  0.00000448678808987
  0.00000462319939854  0.00000484856664729  0.00000514006050590  0.00000543296768585
  0.00000569308479400  0.00000593777988925  0.00000616947426399  0.00000638746202073
  0.00000657951331085  0.00000671791439452  0.00000685004164499  0.00000698324960034
  0.00000713017327000  0.00000726764882328  0.00000741432892101  0.00000755350189176
  0.00000768309179117  0.00000780109884169  0.00000792111775782  0.00000805499759341
  0.00000818945301869  0.00000833642260181  0.00000850211611072  0.00000865451046506
  0.00000878743616273  0.00000890785953118  0.00000902137342424  0.00000913007125435
  0.00000923975795091  0.00000936207239764  0.00000948132489610  0.00000959856479457
  0.00000971894475048  0.00000983859737064  0.00000996136731396  0.00001008941833358
  0.00001021865171498  0.00001035419151793  0.00001050156466311  0.00001065785693765
  0.00001081727880440  0.00001097520707047  0.00001112544200962  0.00001127131471614
  0.00001141905816767  0.00001156624033066  0.00001173487200455  0.00001191017266598
  0.00001209901624881  0.00001229898422337  0.00001251841453754  0.00001272984462034
  0.00001290172710161  0.00001306748407357  0.00001325172474662  0.00001346451457558
  0.00001368059016002  0.00001391418015794  0.00001414746345727  0.00001436733389234
  0.00001458099035774  0.00001481357068020  0.00001503117853253  0.00001517192508445
  0.00001532180901189  0.00001547968134119  0.00001572216179676  0.00001599979779728
  0.00001627066595386  0.00001653917034105  0.00001681133324782  0.00001707044546921
  0.00001735441865187  0.00001765835015553  0.00001789695992597  0.00001828231475259
  0.00001877842743072  0.00001927554778561  0.00001951964469537  1.00000000000000000
 -0.00312815940551470  0.01007463252998407  0.02894041945775741  0.05351540444003412
  0.08579231525568112  0.10607586215050452  0.12430540391327560  0.14149105950627894
  0.15795173847213131  0.17054328488567838  0.18088262213428044  0.18964039837041013
  0.19785844701577959  0.20621845620811699  0.21429485792650396  0.22258521300894418
  0.22918526245914797  0.23341982547730783  0.23770893739606397  0.24212472572068999
  0.24678930774830621  0.25186067315831129  0.25687998456410632  0.26098942309625017
  0.26551142928631016  0.27065191053619769  0.27580038254841610  0.28031165385797907
  0.28431650488931026  0.28804283114410850  0.29285572150217543  0.29928093457354166
  0.30627561644085433  0.31337999282970846  0.32039831568585747  0.32713669305581144
  0.33417698648475314  0.34077222781072797  0.34698341976265495  0.35332009356220373
  0.35996879667832277  0.36674182064933109  0.37339371060913013  0.38005384638806095
  0.38764048606040341  0.39428764219583928  0.40033121670983185  0.40666557787112351
  0.41381752322472187  0.42054085490806148  0.42705875132652632  0.43377315516384057
  0.44021036964265475  0.44589308990182452  0.45162868523336558  0.45738916976157423
  0.46333581244062350  0.46920512967553119  0.47511950359019639  0.48125541783481901
  0.48687896706397754  0.49201635965211360  0.49697038842168439  0.50340502429451439
  0.51462216433103358  0.52441158469304561  0.53112024745393371  0.53696631164934916
  0.54281829022557648  0.54892573782926068  0.55660694998318072  0.56442053337827336
  0.57259166856285937  0.58112206883650874  0.59212403236907529  0.60384735827510838
  0.61548729653711276  0.62579168230062465  0.63419250642677560  0.64299912165046469
  0.65240064605963877  0.66244928951230386  0.67161204940556196  0.68101157311119831
  0.69016282283834540  0.70025478281511255  0.71448300758533223  0.73219916869820711
  0.74951682271347408  0.76819941257147195  0.79055127227507904  0.81138002136021115
  0.83294111280556071  0.86722074283186390  0.91837371139976209  1.00000000000000000
 -0.00023262939516565  0.00245962675780438  0.00486671348121936  0.00723541691706360
  0.00962265573641677  0.01179327233196812  0.01286688848366281  0.01383864300910608
  0.01516837193092202  0.02061838897565813  0.02891541373782989  0.03791520493245246
  0.04712663471612857  0.05577141480872367  0.06548775187396806  0.07661778050003901
  0.08620340858703451  0.09597545189149174  0.10666154504689286  0.12071068963767784
  0.13476462800203370  0.14733145115608370  0.15798560657446403  0.16783869459086154
  0.17838892599379422  0.18892244351203694  0.19848980462112381  0.20731065012662980
  0.21912943408270869  0.23184359749575939  0.24414952497263029  0.25584218162515276
  0.26724173237414756  0.27805968644685586  0.28769317869725242  0.29788254940479342
  0.30791450316625546  0.31780188443233809  0.32709440920285060  0.33677231300237087
  0.34816891209490264  0.35958000737097567  0.37024289602448712  0.38159664033274082
  0.39310925658865747  0.40437889931510823  0.41724290919129686  0.43095715369864546
  0.44399635133864462  0.45400722911352176  0.47695960019886852  0.49499798580368237
  0.50763216489121166  0.51712964471290146  0.52682603608411516  0.53788099171786308
  0.54792451477268334  0.55660456138991332  0.56565391744669502  0.57595081996908382
  0.58758703806661017  0.59807378383706400  0.60976248267856403  0.62263719331571188
  0.63247995394658219  0.64244361012393558  0.65293228721564955  0.66302644226639162
  0.67347133068600851  0.68358907721038431  0.69206541396746724  0.70776544962806531
  0.72246870543156239  0.73561532536763063  0.74739524560623039  0.75832627252386331
  0.76997911499435601  0.78145271267030481  0.79319386686138660  0.80480821850507334
  0.81524412202052166  0.82976060121581596  0.84648062193510065  0.86553610004405868
  0.88647376284371393  0.89788593958146212  0.90558021041758008  0.91476633299924714
  0.92443488995192269  0.93379038413237458  0.94343772501207457  0.95317303948670729
  0.96415958046867800  0.97807671250073924  0.98965469810390505  1.00000000000000000
 -0.01364965384871009  0.10600222238608127  0.17310390088693856  0.20914178025199381
  0.23335335838348370  0.25117605663973352  0.26361133385151830  0.27632453734586426
  0.28953958875467550  0.30227033196246206  0.31350163034069611  0.32535030865235914
  0.33683235463475153  0.34792429790811613  0.35806775627543563  0.36709680578423631
  0.37559739547951176  0.38317480196283660  0.39027514698631566  0.39759134722998080
  0.40511818572412334  0.41233113972973179  0.41937700172270403  0.42590103809603053
  0.43209201008216225  0.43761418913833822  0.44245107888502927  0.44796924168210661
  0.45463889554105802  0.46176583863041559  0.46863347392842902  0.47504065661153733
  0.48087043281598080  0.48654351481148728  0.49203972943322932  0.49730193089745578
  0.50365334476956070  0.51125972506269945  0.51861667017822510  0.52565571398103517
  0.53260005366316876  0.53993096125917439  0.54668484547370921  0.55282940246181544
  0.55986033237963839  0.56631792775689882  0.57226386712460597  0.57730519834599547
  0.58238284265774409  0.58767271147781797  0.59330266532650100  0.59869505450426830
  0.60388659811937295  0.60906189695669455  0.61405281135226797  0.61901758880981539
  0.62427734139650648  0.62956019020149034  0.63499497149036288  0.64078186739079579
  0.64593700538017684  0.65005367843206718  0.65412025063567969  0.65776021771705084
  0.66118283528171251  0.66512235342549686  0.67012413679738947  0.67545499643776974
  0.68116558104082370  0.68708401769598249  0.69277586494573107  0.69886625673041980
  0.70476130939802684  0.71142577083927316  0.72003863990640871  0.72902051485985708
  0.73805404038373057  0.74646241375248978  0.75303061701823448  0.75838880613959025
  0.76404480882690773  0.76974434410550618  0.77612119265624413  0.78268815991960372
  0.79189648399172308  0.80231279057393501  0.81028194049006252  0.81572732275335746
  0.82090036740560313  0.82722079325985898  0.84905703543863231  0.87631327631953737
  0.90490626513284367  0.93506376793977530  0.96839155161662471  1.00000000000000000
 -0.00220137335244928  0.00910733173974944  0.02056754115825740  0.03255616526904467
  0.04622746687000104  0.06160555735443324  0.07533432806748785  0.08754652702114600
  0.10006985686332981  0.11219825464326302  0.12424497599089582  0.13562822886159626
  0.14719858635466967  0.15937464910166987  0.17201134283902839  0.18494469539660510
  0.19821885417783516  0.21164876514923286  0.22548876580164218  0.23944652613679412
  0.25278004048479713  0.26405980818569447  0.27470601518657678  0.28644596652898241
  0.29808325189421125  0.30890404304806057  0.31961796468836240  0.33046789793575060
  0.34136312750351616  0.35281117568328779  0.36471331785349381  0.37603706244808754
  0.38712285971302068  0.39938151688397833  0.41225752144683248  0.42476973281729935
  0.43700983752330702  0.44883855694747682  0.45915454346568285  0.46741280532990098
  0.47563520832356876  0.48370718946509772  0.49211804784022817  0.50120150196569269
  0.51120326090248547  0.52217125023494870  0.53466560625035009  0.54799887830817240
  0.56138561988940128  0.57395573630507912  0.58577426330714022  0.59605542427266311
  0.60561717793597880  0.61488291323345790  0.62395912884650839  0.63394440784597483
  0.64359906411109513  0.65208572011003663  0.65978608359233037  0.66781486648310184
  0.67588325509766223  0.68378982516733411  0.69107157065055758  0.69778267388271675
  0.70411259719548458  0.71078341702265413  0.72101155266149808  0.73117288236242572
  0.74384998949093839  0.75646076208592272  0.76877814800567756  0.78152155760747155
  0.79395916596877536  0.80428932047039381  0.81473781949201640  0.82594472098942295
  0.83752590488775758  0.84930703867534763  0.86003384510098635  0.86914155814651262
  0.87817985775765928  0.88804259992639634  0.89812855916956125  0.90722792734680346
  0.91534085734096926  0.92338311991578348  0.93221879374746608  0.94036077863160861
  0.94841923536521189  0.95539499751896673  0.95998906396700323  0.96452483032276115
  0.96917835566048238  0.97320637397949750  0.98316809155437390  1.00000000000000000
 -0.00042300369264073  0.00234821357226261  0.00511943083716595  0.00789064810206929
  0.01066186536697263  0.01307961364561068  0.01511231094538819  0.01714500824516570
  0.01917770554494320  0.02555255999325776  0.03033741798829397  0.03712882873554085
  0.04556913739634665  0.05510932814137022  0.06410059979412833  0.07515129624724058
  0.08567454851325666  0.09582117175265158  0.10614007927339833  0.11707220054389084
  0.12454713362339050  0.13562229326019326  0.15503530928585110  0.16889857721390641
  0.18196917843496499  0.19483578165131729  0.20774017237994577  0.22129935747130242
  0.23525208117763219  0.24833999873193530  0.26127576577064937  0.27539366861465853
  0.28985987409701724  0.30374929680632973  0.31788964260036523  0.33658838585766110
  0.35345234313228141  0.36792845606468128  0.38090113050537405  0.39372424428606567
  0.40572448222341612  0.41714202134526179  0.42921240288684526  0.44248338855282265
  0.45565538053574411  0.46544343064234661  0.47376444251923305  0.48243923768096758
  0.49012642763667819  0.49775400119462776  0.50517240741627334  0.51231599213259960
  0.51981906444238324  0.52909292663789353  0.53956063489492090  0.54970846409349061
  0.56039480012942355  0.57249747687058206  0.58532908636332059  0.59799189887790583
  0.60994211175215229  0.62004871610396661  0.62917775016680799  0.63812554733374749
  0.64695397334350069  0.65630704865145251  0.66546358964388364  0.67594990565237412
  0.68721674471842764  0.69763420343103599  0.70866418758531047  0.72088879065314126
  0.73152725396243545  0.74011066723686991  0.75352673382241020  0.77190758891062250
  0.78907948249210924  0.79833828018486486  0.80666286931679032  0.81490920446020987
  0.82412633381948242  0.83414355590543843  0.84377731871611861  0.85214897223647890
  0.86529350960548923  0.88715550900405049  0.90356885112937846  0.91524347626642788
  0.92712885892849450  0.93851262732665086  0.95012374843889769  0.96104793561091806
  0.97065663259471224  0.98007544315317840  0.98992455621120246  1.00000000000000000
 -0.00251298463524684  0.00899087029841482  0.01971309421476433  0.03040461464352230
  0.04024308289962442  0.05000787101235971  0.06013819035018188  0.06958797462389932
  0.07912775684263083  0.09029734450607310  0.10202955714752689  0.11400872342950895
  0.12575748283645416  0.13598160692900274  0.14595040352587954  0.15701573162427121
  0.16831768588329601  0.18023065460669035  0.19211725844017508  0.20367508421574951
  0.21285905218054033  0.22177940488057427  0.22946069124967286  0.23844653472850258
  0.24949616512773440  0.26025626109991917  0.27095384372230169  0.28413324179225297
  0.29603633886495789  0.30582734044230397  0.31533837450443253  0.32400470320544766
  0.33136208665021921  0.33829228019111668  0.34543188951465509  0.35366769416351729
  0.36449689919663397  0.37801721306657132  0.39241172819040282  0.40607790283003847
  0.41873302240284327  0.43064155891612743  0.44300932884013755  0.45559434617133959
  0.46792865126988376  0.48071874950743254  0.49406964303760881  0.50592975464166823
  0.51928535653317376  0.53286037340304560  0.54615054880544645  0.55970568531242737
  0.57355779672237805  0.58724063852213504  0.59841354191507812  0.60777724405100597
  0.61634157196501949  0.62450141004080351  0.63302339538801355  0.64114457260592939
  0.64806515971590073  0.65570729155930652  0.66351356696886299  0.67050410174509967
  0.67910723970782716  0.68796645192092076  0.69696624382443806  0.70947272275281748
  0.72166895895655292  0.73354333368954217  0.74504679445512334  0.75491919387307749
  0.76508304495328827  0.77620126537803857  0.78473829083415259  0.79199990544050214
  0.79932409997393616  0.80703364255864973  0.81622548233172321  0.82680480637696308
  0.83726020138481838  0.84750744024941049  0.85796706563425207  0.86757883336573560
  0.87744123452771638  0.88854279778712986  0.89989120176892756  0.91080726642769205
  0.92125806455905856  0.93106862435755933  0.93929508385359139  0.94658763254654288
  0.95684103092302020  0.97010292277632859  0.98475970494691933  1.00000000000000000
  0.10638777820629476  0.13057320952132898  0.15475864083636320  0.17894407215139740
  0.19398272439445072  0.19875596230251782  0.20352920021058490  0.21401461625457166
  0.22863210927392946  0.24285797614299662  0.25315149869495329  0.26268023776885729
  0.27130025912588962  0.28733121791286653  0.29850622542946526  0.30790398214814652
  0.31889711543011734  0.32942848666130353  0.34031707255235966  0.35054631303883155
  0.36057102842276839  0.37268881170283169  0.38459776433471221  0.39429143170959946
  0.40309476044300957  0.41134304932319288  0.41919872215174270  0.42697003705376935
  0.43636131078143287  0.44905621102277499  0.46176082039852562  0.47275111038801187
  0.48269171185870624  0.49292880753794227  0.50336301150862528  0.51346982842509692
  0.52600134895052375  0.53440001000804827  0.54442054105668169  0.55672894597612421
  0.56510974405096881  0.57418273409706999  0.58497337677714389  0.59753690306619167
  0.61108197880226189  0.62295295665636874  0.63387579939347793  0.64457671135822503
  0.65504231983657524  0.66475587911744882  0.67367548741567918  0.68193794725601709
  0.69004252943531674  0.69898646369557915  0.70883581476261026  0.72082890305595848
  0.73483344664389572  0.74661821174871679  0.75832728506574121  0.76931657279095200
  0.77939572220189546  0.78931980512287314  0.79965435381782268  0.80936063298360283
  0.81602761825578096  0.82206809076169873  0.82912591286507087  0.83629154579040499
  0.84375403925180703  0.85059970265757012  0.85667898353302208  0.86289394071476155
  0.86877632668752125  0.87376804190656066  0.88013773072239598  0.88764738618318872
  0.89519987379386590  0.90214114677122481  0.90848541468386323  0.91421244305906157
  0.91978890004707803  0.92531091484035399  0.93069139901215359  0.93583172261160252
  0.94033532773929085  0.94451780624077852  0.94870681291232883  0.95253562414942849
  0.95596283090835188  0.95891807153682374  0.96153986929941448  0.96411230453963748
  0.96653846560410817  0.96860070570175738  0.97032925830210492  1.00000000000000000
  0.21859206592633840  0.22280287023486750  0.22701367454339660  0.23728139746710369
  0.24968314223706392  0.26437816020735827  0.27734675787437413  0.28816864592639424
  0.29714768781521650  0.30602641472508929  0.31501174217215178  0.32437097679628746
  0.33318569261206754  0.34063842215848200  0.34759511963948703  0.35480341595639536
  0.36235680594810571  0.36950416703569250  0.37680792694301846  0.38430731299989346
  0.39207857671082169  0.40027097247744303  0.40893043427555398  0.41750543079537927
  0.42586873042662649  0.43472773660882241  0.44239270238564915  0.44874501377923570
  0.45484509989456412  0.46176812320934557  0.46818261492537194  0.47321579208966913
  0.47695825524317059  0.48052656113631287  0.48459207151231465  0.48957409363510862
  0.49545205126975500  0.50198352654126610  0.50882495153238949  0.51558982371650819
  0.52191905626266988  0.52843100948014921  0.53532166517889912  0.54278310315925227
  0.55085315529938095  0.55911590173884818  0.56699739572512919  0.57407634937456264
  0.58034153287263968  0.58591325737329913  0.59096383890825976  0.59635560579070934
  0.60204509873200118  0.60786950591515587  0.61369515089809379  0.61948804023661108
  0.62496529139261869  0.63002729738583130  0.63506258576857744  0.63956365257179904
  0.64446941916084488  0.65054718188090277  0.65751516328071324  0.66543706929505853
  0.67248963721465094  0.67913914648790141  0.68460493502392294  0.68922848542185178
  0.69316109304564344  0.69687386336168755  0.70079004898018926  0.70546794257256962
  0.70998307103348657  0.71379893921938564  0.71752011781705116  0.72094960605900682
  0.72413159255128545  0.72754150363751902  0.73075921181187797  0.73399029594921106
  0.73756412406126914  0.74131394274890139  0.74519242786247186  0.74917182204387400
  0.75222118845496699  0.75469257975314830  0.75695079021220513  0.75889393566996832
  0.76299975563189704  0.76952770915027591  0.77512429093436919  0.77919849531558139
  0.78350684284027405  0.78836778041037869  0.79322871798048344  1.00000000000000000
   2.4034390629600416E-016  -1.0000000000000000     
 T T T T T T T T T T T T T T T T F F F F F F F F F F F F F F F F F F F F F F F F F F F F F F F F T T T T T T T T T T T T T T T T T T T T T T T T T T T T T T T T F F F F F F F F F F F F F F F F F F F F F F F F F F F F F F F F T T T T T T T T T T T T T T T T
  <DiscreteSampler_grid>
  grouped_processes
  1 # 1 for a reference and 2 for a running grid.
  10 # Attribute 'min_bin_probing_points' of the grid.
  1 # Attribute 'grid_mode' of the grid. 1=='default',2=='initialization'
  0.0000000000000000 # Attribute 'small_contrib_threshold' of the grid.
  0.5000000000000000 # Attribute 'damping_power' of the grid.
 # binID   n_entries weight   weight_sqr   abs_weight
    13   10   5.396118727115704E-006   1.826129222046860E-010   5.396118727115704E-006
    14   10   5.396118727115707E-006   1.826129222046863E-010   5.396118727115707E-006
    16   10   6.129434114639725E-006   2.160927600764987E-010   6.129434114639725E-006
    17   10   6.129434114639725E-006   2.160927600764986E-010   6.129434114639725E-006
    22   10   5.396118727115704E-006   1.826129222046860E-010   5.396118727115704E-006
    23   10   5.396118727115707E-006   1.826129222046863E-010   5.396118727115707E-006
    25   10   6.129434114639723E-006   2.160927600764986E-010   6.129434114639723E-006
    26   10   6.129434114639723E-006   2.160927600764986E-010   6.129434114639723E-006
    31   10   5.396118727115704E-006   1.826129222046861E-010   5.396118727115704E-006
    32   10   5.396118727115705E-006   1.826129222046861E-010   5.396118727115705E-006
    34   10   6.129434114639725E-006   2.160927600764987E-010   6.129434114639725E-006
    35   10   6.129434114639725E-006   2.160927600764986E-010   6.129434114639725E-006
    40   10   5.396118727115705E-006   1.826129222046861E-010   5.396118727115705E-006
    41   10   5.396118727115706E-006   1.826129222046863E-010   5.396118727115706E-006
    43   10   6.129434114639723E-006   2.160927600764986E-010   6.129434114639723E-006
    44   10   6.129434114639721E-006   2.160927600764984E-010   6.129434114639721E-006
  </DiscreteSampler_grid>
