 -0.00274524883931180  0.01293102418082631  0.02571385897733786  0.03760893707484439
  0.04911385140448046  0.06018445268395656  0.07117021239772883  0.08196692952596515
  0.09254771613540350  0.10297438322653217  0.11387439096122724  0.12480684733566569
  0.13495285186187289  0.14474696113447105  0.15460345995697017  0.16481741684780526
  0.17547287114271720  0.18627999797663594  0.19758539266146469  0.20896100841266235
  0.22001352852405431  0.23129664260148752  0.24229615649160294  0.25289345132316965
  0.26338542432259898  0.27410043385501737  0.28537713271539150  0.29651956804054225
  0.30761814115514646  0.31853357744350053  0.32920792610382504  0.33980222060489262
  0.35039615534584573  0.36117140645273071  0.37200470824823312  0.38268669015041645
  0.39329925740833210  0.40390597991779620  0.41435768492187591  0.42454708097715838
  0.43462456141125094  0.44491659423160612  0.45556357665140795  0.46622202488025405
  0.47672167483599343  0.48696919413189438  0.49737565992667182  0.50821247167190431
  0.51921954526254799  0.53007449796372630  0.54083865623508709  0.55180312301122914
  0.56296502549866290  0.57396174698458580  0.58459042070547018  0.59500417987946175
  0.60532795125813454  0.61563260214358473  0.62609520323773304  0.63675824536987990
  0.64743767224109594  0.65788852015945698  0.66822230285633510  0.67846236856115616
  0.68864559173129769  0.69888569456570326  0.70915854051683358  0.71949051435271971
  0.72977385000631179  0.73982664309371493  0.74968268020625883  0.75956741593667043
  0.76966374570252527  0.78005098144725116  0.79059900602871969  0.80144264326981518
  0.81228701228245725  0.82304501720267742  0.83376767113684191  0.84462983442019668
  0.85542450466771991  0.86599521287927761  0.87643647762398447  0.88707162339243562
  0.89773622049790069  0.90828865050783802  0.91855241827379264  0.92880055792304062
  0.93913087319124489  0.94937603825321981  0.95908869894020332  0.96831209142315577
  0.97715061210334320  0.98547576845734852  0.99294088978885064  1.00000000000000000
 -0.00553676432802151  0.02754250649948450  0.04757659885933395  0.06343480564951716
  0.07715800296242825  0.09006506145572911  0.10235705254104947  0.11439699532234276
  0.12608119631753709  0.13769376817958118  0.14927160307805207  0.16081149482060017
  0.17232808704407429  0.18359441838212442  0.19453618012823637  0.20516062228210230
  0.21586587531923701  0.22646428234465887  0.23692539350867012  0.24709699072039454
  0.25745789744008629  0.26796942372955634  0.27863850347135199  0.28940940177152524
  0.30026263795789687  0.31120564675401741  0.32199983670674609  0.33264354952729991
  0.34296428748929730  0.35294896913555773  0.36268794481186883  0.37240766435408945
  0.38225136452673553  0.39225306794273263  0.40255940505180970  0.41303873251722495
  0.42342803855687994  0.43372977688448933  0.44407530617432145  0.45446607160843960
  0.46479649839423809  0.47509126970311377  0.48542412259994483  0.49575456209501517
  0.50610097911411756  0.51637018288565195  0.52650451685371769  0.53653069877609005
  0.54665959580176793  0.55682552028978693  0.56705116064310390  0.57725407386421856
  0.58762654630163969  0.59812232885515482  0.60846165914638917  0.61880088939954070
  0.62931540475777725  0.64013160632567723  0.65099948191800727  0.66167470324605959
  0.67217013920068025  0.68250719923338299  0.69281193013542286  0.70290511722360094
  0.71289263107060130  0.72294876262561769  0.73308783892796103  0.74337988611991190
  0.75348723287011876  0.76332262461523692  0.77321312066926084  0.78302503338967122
  0.79276476514624050  0.80233527823550899  0.81186896394252095  0.82142200689523526
  0.83092354866447771  0.84028951772071525  0.84979521061367469  0.85959921885376933
  0.86935554694943473  0.87903414650117684  0.88877686553321256  0.89867088846559662
  0.90872958825824646  0.91876530123048161  0.92871189395333464  0.93857953300847707
  0.94820557456112387  0.95756943215352119  0.96628050310531999  0.97442044583226062
  0.98196014054041070  0.98856161030194512  0.99446719023670704  1.00000000000000000
  0.00000139873119665  0.00000188207522023  0.00000264017399059  0.00000356235697527
  0.00000455724035718  0.00000559129349400  0.00000670668623404  0.00000788605575298
  0.00000904285060169  0.00001023263762913  0.00001152415832307  0.00001298690131045
  0.00001462353497575  0.00001636919312831  0.00001833304918926  0.00002045131671259
  0.00002282053827113  0.00002551348224868  0.00002851914163990  0.00003197843002499
  0.00003591208578806  0.00004039226083249  0.00004556737888406  0.00005128681254685
  0.00005726851533218  0.00006327662040519  0.00006925848760552  0.00007534290780943
  0.00008158345669403  0.00008809107553479  0.00009481687586488  0.00010181102956963
  0.00010911538204880  0.00011679368753481  0.00012474726360157  0.00013312121752937
  0.00014168559117745  0.00015087372161225  0.00016017423625512  0.00017064327663447
  0.00018137849834545  0.00019296192353081  0.00020506492657084  0.00021757109371909
  0.00023093508953717  0.00024458621926627  0.00025981419703169  0.00027528661583284
  0.00029349875851254  0.00031158823196972  0.00033237287245367  0.00035258964349530
  0.00037500388547043  0.00039615778691181  0.00042082560055374  0.00044722145140041
  0.00047779937226942  0.00051025627718254  0.00054234762704512  0.00057483259239792
  0.00060832317928503  0.00064330457766897  0.00068243919694717  0.00072840289936674
  0.00078259357560686  0.00085008593791151  0.00092776419386568  0.00100949534218408
  0.00109362397120001  0.00118445182308795  0.00128699856137970  0.00138997198006561
  0.00148929820905546  0.00159919018454752  0.00170073081992365  0.00181487369154684
  0.00193345283283681  0.00206592647005720  0.00221358197186959  0.00235686991279151
  0.00253996059771804  0.00274578695499785  0.00298268070940560  0.00328384099204825
  0.00356829681590012  0.00388470424026248  0.00439671307189632  0.00490501090529704
  0.00555967278043475  0.00620805093658133  0.00672667588375336  0.00743232911881411
  0.00826746330618245  0.00925614945559156  0.01243506433290767  1.00000000000000000
 -0.00165940702581015  0.00585446170153458  0.01281249748403950  0.01994524576650580
  0.02726659720383104  0.03438803944560795  0.04144896372256966  0.04825089720916666
  0.05501216350695561  0.06195048498110648  0.06943855289106771  0.07721565628810356
  0.08508132746635415  0.09303599202013720  0.10075145521252191  0.10814474561845869
  0.11542160386114611  0.12262888408520430  0.12999241222035959  0.13744595502529089
  0.14490362257486852  0.15237792649438850  0.15995040306487998  0.16743023481842897
  0.17473179459760443  0.18200457632312816  0.18932409826818919  0.19666909358075371
  0.20411409621332252  0.21156029334623147  0.21925878677644023  0.22715364183746170
  0.23502813558526972  0.24286865804887739  0.25055188998511052  0.25826311411331315
  0.26595242521810203  0.27389917554517806  0.28209314264803348  0.29036144234797057
  0.29841059324017127  0.30631514957928963  0.31434460867377589  0.32241696298807410
  0.33057064003333614  0.33871625805850353  0.34681318360091623  0.35503214189227972
  0.36346200185312083  0.37208053237987893  0.38085162453271898  0.38977284952781854
  0.39882424775971365  0.40791733127784263  0.41701004519732454  0.42588298199511726
  0.43505226030723843  0.44442771660860614  0.45417164992046005  0.46366441581905871
  0.47319874163875386  0.48278611022091761  0.49283593019972771  0.50292096519949359
  0.51289172687390616  0.52279295169511641  0.53276340290735980  0.54286926599816088
  0.55346473269533303  0.56414406708558962  0.57533777790213469  0.58669811350016232
  0.59827338987980316  0.60999466243800704  0.62204340694587679  0.63434152271539057
  0.64716778755528048  0.65983362169718140  0.67250591699486462  0.68520053652837309
  0.69823707671072621  0.71203427724179968  0.72658347931017098  0.74143323496030789
  0.75696438749147010  0.77322815429452141  0.79022428247999033  0.80836991888583654
  0.82697564325332251  0.84599092542453902  0.86634872356853820  0.88828877541742901
  0.91200712292117703  0.93775536983130869  0.96688202601931139  1.00000000000000000
 -0.00259814728231462  0.01056343211555547  0.02125476473378891  0.03219562772688214
  0.04297357509111909  0.05378467627659785  0.06408972098038095  0.07448178788823799
  0.08494666197430471  0.09589875781175874  0.10647537453073139  0.11701044937733802
  0.12723754089730568  0.13794076848852435  0.14857653476641472  0.15913217323419651
  0.16963869197064638  0.18018427944433910  0.19040351728402954  0.20010073994832253
  0.20988506825094852  0.21972902536524241  0.22954002789674746  0.23919697248749006
  0.24879144674171563  0.25928211952805674  0.26980442532821264  0.28077516544764219
  0.29153262257849494  0.30186205831101776  0.31224837347914802  0.32281688109423984
  0.33395839728019816  0.34458854782324944  0.35513349799143851  0.36589242035107367
  0.37696997682500732  0.38783954613416599  0.39892862292787917  0.40965944622183736
  0.42016734654902249  0.43002187834356426  0.44023894537599478  0.45080687683176773
  0.46144684168407002  0.47184742832370874  0.48221233907097222  0.49276071968699903
  0.50349756696167902  0.51420927926117699  0.52479267698384080  0.53534507770423068
  0.54586397026568745  0.55641952760481905  0.56711805775759117  0.57792240048795218
  0.58872888502892418  0.59944359334218822  0.60987485209395342  0.62018713864328057
  0.63065429064936773  0.64120704516656191  0.65137931132150717  0.66130328969493923
  0.67164806553580980  0.68240529928799343  0.69280100284440738  0.70286873099253866
  0.71288049436443757  0.72342315583951200  0.73381927792105972  0.74411741528219255
  0.75415294732543525  0.76440846260904516  0.77476803910783165  0.78557025145639903
  0.79637636454258054  0.80710422370099322  0.81795647498903201  0.82865840796510815
  0.83969492962004699  0.85071304213761234  0.86161081387999450  0.87262015414339045
  0.88327509849313091  0.89396072237117397  0.90439329697425552  0.91500778345839595
  0.92513220330199275  0.93526407125909350  0.94539871613327575  0.95626630054707507
  0.96705211187795881  0.97785490810425946  0.98886855831575549  1.00000000000000000
 -0.00170795552160004  0.00546376542644145  0.01234845773480876  0.01916942293735883
  0.02606708746033458  0.03298143910242928  0.03983977889131386  0.04692402127246585
  0.05409594519430694  0.06134646158164501  0.06867864492962783  0.07601833890856954
  0.08339652237969736  0.09079530597938401  0.09810287703062225  0.10517854493346346
  0.11204481058064553  0.11889762481476666  0.12602637114350099  0.13328469321576020
  0.14075557032265376  0.14822912400314830  0.15583863232159714  0.16349719886388933
  0.17113016983521998  0.17880783205559997  0.18643083590638976  0.19388667492029352
  0.20124788761081014  0.20857524807615194  0.21593193671630434  0.22325429046719794
  0.23059158964924231  0.23811104888180631  0.24579980644619601  0.25393796582191597
  0.26202718380425327  0.27015891503708417  0.27826324493399718  0.28640916292087848
  0.29476014777596687  0.30320188242956086  0.31146986829016371  0.31967814059776506
  0.32791834439645745  0.33626562308512908  0.34462814353316557  0.35292675560203057
  0.36128860071585889  0.36981167583452768  0.37860509271233833  0.38775646227144706
  0.39702087233461586  0.40644298652167915  0.41584129772021339  0.42514122523694198
  0.43450116202165862  0.44407432152472043  0.45394510206995031  0.46393110050224240
  0.47364496505044590  0.48338872227287655  0.49333637433168165  0.50348553796551920
  0.51413162073284147  0.52480379684035905  0.53576297027288122  0.54673757387034416
  0.55761061065857154  0.56865909959406458  0.58004529140614436  0.59145783973161981
  0.60312634391000453  0.61426063297190248  0.62610601228488927  0.63818349352647064
  0.65055468248157811  0.66267029934003485  0.67541292672744857  0.68876529207370008
  0.70231379374945213  0.71641300041289990  0.73109066972587133  0.74623003716614833
  0.76138694671313867  0.77700087536783691  0.79341496049355331  0.81121200083753309
  0.82954894107933563  0.84909986069120080  0.86937466859831114  0.89088610870311524
  0.91464436648132597  0.94085968133971853  0.96948620454211332  1.00000000000000000
 -0.00264258057825991  0.01006101881013805  0.02012457134702041  0.03074321927644146
  0.04113746265533719  0.05192629129419935  0.06253365172369130  0.07332806180669185
  0.08420742196040350  0.09501254634349240  0.10614907574731136  0.11681916854032316
  0.12742359918168053  0.13769868147555522  0.14809195148275348  0.15850703280513159
  0.16862130028693162  0.17891001272371848  0.18926746021966642  0.19987039207530993
  0.21055867950304830  0.22139070722731236  0.23207102023163129  0.24233302621184025
  0.25266399896140868  0.26343126153562008  0.27425290898047494  0.28504253584633088
  0.29544101306462101  0.30569246673350403  0.31569664300068545  0.32543799231445902
  0.33504845235133179  0.34491707976140545  0.35501907462172122  0.36563230001600111
  0.37621292081292979  0.38699479790064550  0.39803792557248896  0.40916554477490152
  0.42002401481759993  0.43056198918675315  0.44125008564562718  0.45188018968207655
  0.46247761702760631  0.47295860881499324  0.48319947568701005  0.49336807617003886
  0.50360409378634696  0.51388313800511742  0.52413730137900916  0.53434301528352324
  0.54503749660480882  0.55625070900960538  0.56731672729414506  0.57807626738340134
  0.58877741220856572  0.59935016021453857  0.60997483816851683  0.62025022468282209
  0.63063429970757900  0.64091082239725949  0.65136243464978660  0.66210894062879266
  0.67329731540828330  0.68449441368867581  0.69569041725122505  0.70645097976348903
  0.71692555594823926  0.72729379916086068  0.73799203383066658  0.74848701510570759
  0.75874173780376264  0.76887558970687087  0.77942241330646345  0.79001559628385221
  0.80044754443501698  0.81101233202844059  0.82182868028691580  0.83260049758597510
  0.84324553954387071  0.85349633788272650  0.86390839202796543  0.87459723517615384
  0.88542664183800901  0.89617983804379320  0.90678146357369827  0.91729272539734175
  0.92773460575128930  0.93774046717217152  0.94783002359319646  0.95812163892524582
  0.96863482094392450  0.97949930719887002  0.98974421347636010  1.00000000000000000
 -0.00255983323860046  0.00904836103116290  0.01891215621104731  0.02919473282082551
  0.03961838435325870  0.05004797087757283  0.06054809685867420  0.07134200743406731
  0.08221157544288614  0.09332672352234524  0.10412458582206377  0.11476896603568594
  0.12519775060922683  0.13605869462823797  0.14711291692314984  0.15817853324401637
  0.16881442232737820  0.17919799421562574  0.18957859500692065  0.19987510624065413
  0.21037260679197373  0.22064785765338782  0.23071085527342872  0.24069030210037687
  0.25098712691944725  0.26136131081143832  0.27177298132411326  0.28207682757751795
  0.29297821161653781  0.30368375736471037  0.31447810749738492  0.32520165699720849
  0.33575807602586333  0.34618251516602166  0.35665777498819218  0.36702390626863768
  0.37759927512027142  0.38806200936695590  0.39836944755124681  0.40819245192921227
  0.41782210619495425  0.42801482758836468  0.43843188549506140  0.44892694937814176
  0.45930186142597618  0.46980448228891214  0.48040047490015964  0.49111415453331897
  0.50183671335333724  0.51259579821350365  0.52335806085063541  0.53410426716515258
  0.54473532755067422  0.55509510137825180  0.56554790313828818  0.57598522925491868
  0.58644898229874598  0.59728487497051330  0.60815150276069463  0.61873641804228718
  0.62910925771339343  0.63945161883562918  0.65019588619921898  0.66049767373611623
  0.67075700156093931  0.68079262655145223  0.69071796923494055  0.70084600525011043
  0.71123574461390004  0.72213178099736386  0.73305541859881018  0.74378687478558114
  0.75441116735784841  0.76495373093926511  0.77568173933613760  0.78653261864074409
  0.79725322680073463  0.80753517990762314  0.81793321203464731  0.82837763873846659
  0.83887197778698097  0.84907098506788226  0.85950557972781416  0.87042153933413102
  0.88170065822109445  0.89271580372307113  0.90340443692932926  0.91402276385458181
  0.92444551925272433  0.93486010456326751  0.94542888665375391  0.95627540239898690
  0.96721829572110318  0.97806330361828708  0.98904338247106516  1.00000000000000000
 -0.01486424879682440  0.11145075579981994  0.17863898786065946  0.22230457604853607
  0.24672856773702762  0.26353082976475067  0.27668601583953717  0.28806371356046118
  0.29827528321517127  0.30785138732710660  0.31691619616173972  0.32564068613944736
  0.33399457493132079  0.34199344881981114  0.34978364869560985  0.35734161753194671
  0.36469664277927283  0.37191827931844634  0.37905376938340885  0.38612900880611672
  0.39321914134452718  0.40031644997985100  0.40733375326048982  0.41435521548663690
  0.42116128819801607  0.42801383943298471  0.43490343127477982  0.44162280530525799
  0.44814414931998253  0.45449113394102797  0.46084027576537478  0.46724188314046494
  0.47368692212127594  0.48025840100694356  0.48694563383852169  0.49368023876349748
  0.50041120407698669  0.50710906558389190  0.51380868011271363  0.52057427191914540
  0.52744511031702279  0.53443325860462776  0.54132198820312571  0.54822258182532313
  0.55508097135211898  0.56201624385609117  0.56892724967150954  0.57574759503959372
  0.58250982065314616  0.58922245730242273  0.59591614258986236  0.60261290742485396
  0.60925046433186492  0.61603052260260049  0.62296466082799107  0.63027229618596470
  0.63774497974589339  0.64527760612647789  0.65266543852847303  0.65994780848852774
  0.66715418488945311  0.67428378180389137  0.68152872518740026  0.68883827824298216
  0.69629390975627936  0.70379454242920181  0.71114174196414537  0.71840698967113892
  0.72580049175214956  0.73331251622494287  0.74088980132233340  0.74850689033114393
  0.75623767580791268  0.76400520854587595  0.77165357863288786  0.77917898370747463
  0.78670836661378585  0.79445437728552726  0.80248348093676158  0.81093463301363711
  0.81880704862003018  0.82693181961551310  0.83542303534733131  0.84481345508601402
  0.85464361785815668  0.86454690027267267  0.87498472406829331  0.88522427741628951
  0.89551912308967863  0.90536929036184488  0.91569488151673539  0.92714107246127653
  0.94019282729477738  0.95584081338597859  0.97566848388776306  1.00000000000000000
 -0.00153079747440990  0.14705663995910401  0.18871495152564655  0.21174739995028713
  0.23066952217986769  0.24774698492076022  0.26364923465273649  0.27832100750430355
  0.29212637858683171  0.30442350363453252  0.31619366110251235  0.32728283194721203
  0.33846292040073306  0.34925114597192819  0.35988675326679709  0.37014440948313143
  0.38000014055166648  0.38947198303860669  0.39869292656528316  0.40771258881614630
  0.41659836401579292  0.42524016524513503  0.43369142758340495  0.44207262488913435
  0.45036316549241034  0.45837797088238169  0.46627350502187337  0.47404125899797839
  0.48171281894295270  0.48918670463369568  0.49661898601789339  0.50413350389295886
  0.51153354980963262  0.51884023474149643  0.52598246058010323  0.53297729564566243
  0.53990088917278434  0.54673913369374949  0.55344813731612319  0.56003043054788126
  0.56657170525723355  0.57320690774290228  0.57991165712751258  0.58657094993423597
  0.59275378781640198  0.59873117160435907  0.60477682697758783  0.61083228379881038
  0.61688910190956570  0.62286282338830656  0.62869609486126865  0.63447302457573407
  0.64028475583387401  0.64609402299304175  0.65182139404677975  0.65747335569189225
  0.66299292022879086  0.66842897168078652  0.67388905044113323  0.67945524416826197
  0.68502743664457388  0.69048818812338719  0.69575881566269271  0.70089298683678947
  0.70602132488250013  0.71110608069770131  0.71624136407249706  0.72137230732611757
  0.72656832841711172  0.73175508715802706  0.73699119198389562  0.74218042071875556
  0.74743495787222392  0.75275257329328926  0.75807856532263806  0.76336501905256948
  0.76865195212210624  0.77405940981162147  0.77959909539594541  0.78514107442781889
  0.79069156376381655  0.79656444245001212  0.80276332574286668  0.80927235430153888
  0.81623532541293742  0.82382049350767106  0.83130657096917115  0.83756268955651814
  0.84405108563976827  0.85169437631138867  0.85985820400409207  0.86975640941197374
  0.88149184837945327  0.90478440969891893  0.95849497363213332  1.00000000000000000
   2.4056372327726203E-007  -1.0000000000000000     
 T T T T T T T T T T T T T T T T F F F F F F F F F F F F F F F F F F F F F F F F F F F F F F F F T T T T T T T T T T T T T T T T T T T T T T T T T T T T T T T T F F F F F F F F F F F F F F F F F F F F F F F F F F F F F F F F T T T T T T T T T T T T T T T T
  <DiscreteSampler_grid>
  grouped_processes
  1 # 1 for a reference and 2 for a running grid.
  10 # Attribute 'min_bin_probing_points' of the grid.
  1 # Attribute 'grid_mode' of the grid. 1=='default',2=='initialization'
  0.0000000000000000 # Attribute 'small_contrib_threshold' of the grid.
  0.5000000000000000 # Attribute 'damping_power' of the grid.
 # binID   n_entries weight   weight_sqr   abs_weight
    13   10   4.267928941883156E+002   4.375082450989123E+005   4.267928941883156E+002
    14   10   4.267928941883159E+002   4.375082450989129E+005   4.267928941883159E+002
    16   10   8.749865457381499E+002   1.929947564333169E+006   8.749865457381499E+002
    17   10   8.749865457381500E+002   1.929947564333169E+006   8.749865457381500E+002
    22   10   4.267928941883155E+002   4.375082450989119E+005   4.267928941883155E+002
    23   10   4.267928941883159E+002   4.375082450989129E+005   4.267928941883159E+002
    25   10   8.749865457381496E+002   1.929947564333169E+006   8.749865457381496E+002
    26   10   8.749865457381500E+002   1.929947564333169E+006   8.749865457381500E+002
    31   10   4.267928941883156E+002   4.375082450989123E+005   4.267928941883156E+002
    32   10   4.267928941883159E+002   4.375082450989129E+005   4.267928941883159E+002
    34   10   8.749865457381499E+002   1.929947564333169E+006   8.749865457381499E+002
    35   10   8.749865457381500E+002   1.929947564333170E+006   8.749865457381500E+002
    40   10   4.267928941883155E+002   4.375082450989119E+005   4.267928941883155E+002
    41   10   4.267928941883159E+002   4.375082450989129E+005   4.267928941883159E+002
    43   10   8.749865457381496E+002   1.929947564333169E+006   8.749865457381496E+002
    44   10   8.749865457381500E+002   1.929947564333170E+006   8.749865457381500E+002
  </DiscreteSampler_grid>
