  0.00000112551874510  0.00000123922196888  0.00000133169590986  0.00000141149698655
  0.00000148995560079  0.00000158276593691  0.00000167764868710  0.00000177812873704
  0.00000188478829818  0.00000200181349491  0.00000212447992089  0.00000224133068574
  0.00000235552348231  0.00000246951511658  0.00000258675177012  0.00000269346849569
  0.00000278340140834  0.00000287471267603  0.00000297146726742  0.00000308962123002
  0.00000322062228250  0.00000334868261944  0.00000349219940311  0.00000365589673913
  0.00000385869582425  0.00000411100077545  0.00000437551644116  0.00000462707251357
  0.00000494454489870  0.00000530753502370  0.00000573880250131  0.00000621152764576
  0.00000667807926513  0.00000715101429831  0.00000762738487631  0.00000817483321431
  0.00000873816599762  0.00000928336054276  0.00000990231095629  0.00001053278015403
  0.00001136328198523  0.00001238975230969  0.00001357290498824  0.00001493354861546
  0.00001648066133004  0.00001819920601457  0.00002007994180422  0.00002211104056273
  0.00002423514953354  0.00002650248322097  0.00002906257575846  0.00003201321014805
  0.00003554567732193  0.00003966549834479  0.00004437336086196  0.00004980038498847
  0.00005584582463999  0.00006265402485672  0.00007010520956887  0.00007845765595877
  0.00008729381460290  0.00009704142622867  0.00010805751801304  0.00012137869303662
  0.00013629883726247  0.00015425235212097  0.00017406368929827  0.00019672217600181
  0.00022186292443194  0.00024541350145893  0.00026907583286483  0.00029496178084733
  0.00032796714237768  0.00036809124890808  0.00040705397889679  0.00044695366777803
  0.00048785200587369  0.00053468569812227  0.00058494610279438  0.00063933631565183
  0.00069959737615431  0.00076792055118869  0.00085096742624788  0.00096565904871555
  0.00110912763496589  0.00125507489440230  0.00142386628362423  0.00163464865977561
  0.00194361488149116  0.00232731923869628  0.00265972662209774  0.00296496250470965
  0.00348085143242973  0.00441156742924415  0.04166860850863650  1.00000000000000000
 -0.00632449989990266  0.02865731650290098  0.04769525302300226  0.06253620348165331
  0.07619237770661948  0.08851852458180685  0.10065959658374031  0.11209977076588244
  0.12330136689063466  0.13458459775368531  0.14596148450637031  0.15698603058500743
  0.16792849883864364  0.17872674964596336  0.18967439417688858  0.20065065808151156
  0.21125200837874433  0.22238784039245615  0.23356695912930805  0.24527822467194357
  0.25707139705027965  0.26926618750395803  0.28032359992907541  0.29082635953712815
  0.30173661221547127  0.31382245491219074  0.32641203762897220  0.33752791029636203
  0.34825761331268967  0.35879318399327964  0.37004051767469309  0.38130394305007020
  0.39292283815526297  0.40454856489166280  0.41536558311404348  0.42577509428153559
  0.43633375441077177  0.44811100864934994  0.46202166816982798  0.47542795623183509
  0.48708405735112142  0.49791387799386994  0.50888523588831902  0.52039667607698559
  0.53171102733959730  0.54259063947239661  0.55346217050204694  0.56526485330520615
  0.57816471693422111  0.59120434694308566  0.60357829257650530  0.61624478978931385
  0.62745414147024337  0.63779507643902211  0.64740599871751403  0.65674498142699655
  0.66673829804629792  0.67741593369913089  0.68772361703928298  0.69866152662989023
  0.71042591028820068  0.72197586495703436  0.73277848433429615  0.74323356533753593
  0.75443620082866691  0.76700581192986672  0.77997541815671190  0.79266682730517501
  0.80504701516385402  0.81740653670393670  0.82913284766521023  0.83984093407556093
  0.85037432982299788  0.85986194573032670  0.86988639446404181  0.88087725035019049
  0.89118616706797305  0.90088757664301600  0.90976235054177013  0.91966710188329470
  0.93069680559528023  0.94004128237679974  0.94882104075296481  0.95624151054362283
  0.96158820307364412  0.96639892184853171  0.97111638136709455  0.97603316240405513
  0.98090205850334455  0.98492927248454876  0.98831273718209067  0.99112524805858915
  0.99358660009315591  0.99575129259223449  0.99788648037263650  1.00000000000000000
  0.00000112635921673  0.00000325698947266  0.00000399975781204  0.00000483540169487
  0.00000588588445845  0.00000689458504678  0.00000786327133120  0.00000895314004687
  0.00001004039390636  0.00001112182254688  0.00001238284038860  0.00001373949951478
  0.00001528449661128  0.00001709697352705  0.00001930941380030  0.00002190240009675
  0.00002479811831266  0.00002795164550061  0.00003125039691673  0.00003449411073155
  0.00003787480864512  0.00004153726172307  0.00004542000897606  0.00004968103396549
  0.00005452979279775  0.00005959585477336  0.00006497108100737  0.00007049622545524
  0.00007618712960298  0.00008203564549350  0.00008792638975102  0.00009394098234585
  0.00010011468303743  0.00010654674127565  0.00011292033103706  0.00011888739710577
  0.00012487381964954  0.00013110379244340  0.00013765593590298  0.00014463186531048
  0.00015150230363978  0.00015848582364473  0.00016601434685571  0.00017399615063546
  0.00018281824657820  0.00019265038628158  0.00020276065648694  0.00021289471966897
  0.00022314906143940  0.00023330635927418  0.00024431561951405  0.00025614129003109
  0.00026905608117877  0.00028258992219539  0.00029576749663438  0.00030891104609674
  0.00032250582363968  0.00033660802632349  0.00035168860361124  0.00036869769864590
  0.00038777184942699  0.00040802414771519  0.00042927838529352  0.00045273474442900
  0.00047888234593318  0.00050825941036921  0.00053899137663303  0.00057496027157616
  0.00061284692960996  0.00064770280172217  0.00068106384229312  0.00071594887307323
  0.00074951816038493  0.00078411831144399  0.00082481207719085  0.00087685396747140
  0.00094577650799242  0.00101566003287218  0.00108603247642772  0.00116275166742798
  0.00123312055324298  0.00131064564605035  0.00139232279339421  0.00148960050890772
  0.00162315982921837  0.00172855468279910  0.00185015452738160  0.00198973316207735
  0.00215726905516270  0.00236234514755187  0.00271928531938571  0.00312285834345696
  0.00348117075295211  0.00405672040766336  0.00483656087807218  1.00000000000000000
 -0.00175437808256266  0.00731047054895515  0.01484171571866462  0.02243289187444995
  0.03074222769353651  0.04014120152962242  0.04994422087285753  0.05977526529725512
  0.06865394969233334  0.07771000742040848  0.08747441285136193  0.09917554884442879
  0.10945380362638887  0.11911307009673301  0.12780808456767195  0.13554175770760946
  0.14332464356052671  0.15188630795194186  0.16067555632938321  0.16982855793299864
  0.18072369293947652  0.19075683581835676  0.20035746477455460  0.20985234933496319
  0.22004980407787642  0.23042500144310654  0.24027064821734945  0.25026007721082882
  0.26044849724710117  0.27102618551506313  0.28200959898956801  0.29329854360632335
  0.30511033009502608  0.31647490016355168  0.32726841926499067  0.33776369445231619
  0.34856856376525669  0.35946669172270740  0.37094926503649656  0.38183555783515294
  0.39292258905090754  0.40404125916951678  0.41476996726521209  0.42550692970439546
  0.43731621879531019  0.44926492201820001  0.46176817018627458  0.47391895837546805
  0.48645061791870270  0.49831245164729637  0.50959760900711937  0.52061885707465461
  0.53196330476642772  0.54388877243734679  0.55615141494943132  0.56760899635970319
  0.57879722899331076  0.59006613727296520  0.60091748276752688  0.61279313203763719
  0.62433532140410930  0.63568711834629799  0.64686168072970307  0.65824960007720756
  0.67024401847976312  0.68266300502940691  0.69483938321322203  0.70642645901057699
  0.71761013431379739  0.72880531893320732  0.73994614665229119  0.75076036014342451
  0.76154557487633823  0.77191289373988881  0.78180594496622002  0.79173794170108647
  0.80175015219345702  0.81127172005104742  0.82090859321416709  0.83041330788478318
  0.84164886785341941  0.85372479650480404  0.86295626115456914  0.87171095733302673
  0.87978507458761934  0.88938311445624563  0.89948303745345293  0.90999026916835746
  0.92106681888661213  0.93257790885996317  0.94337507580857083  0.95479509381557282
  0.96685651753719315  0.97870868007656142  0.98957887037589054  1.00000000000000000
 -0.00228028210842434  0.00866213178284752  0.01766892434014926  0.02648332589985193
  0.03549085377410145  0.04595767450998589  0.05748674435719432  0.06874131685837484
  0.07947496978662374  0.08991610200015765  0.10055785596592738  0.11107683266947684
  0.12164026484085187  0.13178997604651610  0.14257172139287755  0.15345145177676633
  0.16467601439629473  0.17393869364086231  0.18275438679431125  0.19194628057782359
  0.20167201658790082  0.21128443228304583  0.22006435650753975  0.22862206980882160
  0.23776603713709063  0.24743815693483320  0.25715246615305759  0.26653860278326652
  0.27680014744961096  0.28723263074693428  0.29769398974483602  0.30895809244236194
  0.32034686656100381  0.33166577853674339  0.34233836661244826  0.35207156682300511
  0.36170958481854465  0.37146681545905291  0.38190537093753679  0.39286748377964181
  0.40432623907508858  0.41581221321660894  0.42690623651090159  0.43791314406156023
  0.44946330251039190  0.46148363853948859  0.47328816652718808  0.48404265270245955
  0.49420759063382846  0.50454994679984499  0.51565067703195033  0.52705479243927478
  0.53800695171910351  0.54835159638177533  0.55853671675028893  0.56851639448885649
  0.57829680452683940  0.58832837712861463  0.59872140655465944  0.60950640450107030
  0.62012795954074917  0.63051541288087998  0.64051882768062762  0.65227510581686798
  0.66383507219830429  0.67543154486389778  0.68692622354022503  0.69909259730156537
  0.71153026985261725  0.72362171156946653  0.73497538905883975  0.74647111965926294
  0.75810328651053360  0.76975842612770229  0.78037287427372803  0.79057115874004180
  0.80108624737839296  0.81226871070142570  0.82343792615821199  0.83454065678642142
  0.84537686771117759  0.85622370442987861  0.86720301926696597  0.87725564010525303
  0.88718483899690759  0.89739688726175526  0.90730933617798470  0.91718805862426089
  0.92697842210454473  0.93718402974963477  0.94751812862081619  0.95821778212321207
  0.96877855042153593  0.98011370710215007  0.99017271928874484  1.00000000000000000
 -0.00095024164522783  0.00394234079180679  0.00857207081357513  0.01326028581895304
  0.01842941200895446  0.02345733790650158  0.02836732195300572  0.03340337581119539
  0.03933811768711684  0.04535077190779685  0.05152970576984498  0.05744366769308441
  0.06311613545177085  0.06897296329758956  0.07492192780923689  0.08071214364256349
  0.08734974399941879  0.09543924986292461  0.10249774321334268  0.11054746485192198
  0.11840899947650971  0.12681423715141671  0.13587412290276873  0.14531775790722629
  0.15489325988311239  0.16434874817070977  0.17338706456366071  0.18216506338946947
  0.19000890219610228  0.19725523438954307  0.20495968104281964  0.21209928739503062
  0.22052444898831308  0.22839501276858298  0.23583760058965964  0.24340049694399193
  0.25091876892329584  0.25874685018950933  0.26700723637210944  0.27573677852845346
  0.28526244259066785  0.29547893814920001  0.30608561042412824  0.31610101368347115
  0.32564490595292883  0.33538384349020672  0.34471496497413717  0.35441642630782866
  0.36479150763189244  0.37575143286099250  0.38620086490255623  0.39597890614270848
  0.40528172131276552  0.41511099310676058  0.42573874900502046  0.43624396390754322
  0.44720463426550250  0.45816494154844239  0.46990147390153164  0.48149047173157050
  0.49297680864095128  0.50394006803430447  0.51515382687349454  0.52648146777806870
  0.53820415427956636  0.55008079710068236  0.56198120255848327  0.57477996045155155
  0.58739922068955741  0.60005144125995402  0.61277536885355433  0.62650233686179568
  0.64138480940449616  0.65640295663393644  0.67049200066851988  0.68429913876449200
  0.69793321106704620  0.71163823630050738  0.72501130664675528  0.73842854941236147
  0.75269475222459414  0.76793980671850304  0.78364660577285750  0.79961472727300598
  0.81584203062960881  0.83163972057668789  0.84719581329251081  0.86235074575933657
  0.87841370575159072  0.89512423998525759  0.91276194157632118  0.93022027853611322
  0.94772875613718843  0.96417987917828341  0.98135965657967261  1.00000000000000000
 -0.00256550249508219  0.00889876008499370  0.01889686638491549  0.02958604866660728
  0.04067724175944576  0.05248869580858846  0.06455311818680526  0.07593668200516653
  0.08642512771428593  0.09699823714273534  0.10722794473159097  0.11758580038560117
  0.12781536436807636  0.13803579262676560  0.14841314277073356  0.15855565981939038
  0.16827276013353221  0.17746349287931124  0.18638026363496665  0.19547056191214504
  0.20515100098831490  0.21515056525950405  0.22453581713283483  0.23467007503046203
  0.24588006209624749  0.25797615553670405  0.26944266608174333  0.27910676584952326
  0.28799276586964312  0.29673022904947388  0.30562071010153258  0.31514879283099617
  0.32499559099725428  0.33576382637175806  0.34902094340142559  0.36018975005323139
  0.36891007192494046  0.37771169626006412  0.38695197978976459  0.39728773890556479
  0.40764152459256747  0.41739150887024573  0.42640966329824387  0.43507697453053279
  0.44436518546872600  0.45513703257332028  0.46767110544891627  0.48043705985488078
  0.49322202986576541  0.50560790357052099  0.51747964072097674  0.52862077426871079
  0.53897969445873561  0.54978442405706207  0.56074911584783849  0.57104166457794858
  0.58023845116245676  0.59004089764955270  0.60119414244248637  0.61137962732058115
  0.62068983890502116  0.62969165295339102  0.63938488638367919  0.64931795228036415
  0.65882506781941441  0.66841854633700659  0.67800901518530543  0.68785223400966489
  0.69756878772432385  0.70776461640258692  0.71889657575594801  0.73103822915346106
  0.74371599093160445  0.75623589538186620  0.76862589445290064  0.78109436713931502
  0.79470715541144576  0.80763937290168641  0.81769091347192469  0.82625245976114081
  0.83469363034885957  0.84426908809781853  0.85356403701906769  0.86331483033104284
  0.87278808127413521  0.88418544112634379  0.89638745318057111  0.90881858171182595
  0.92113405296860573  0.93362262924283357  0.94565155058630768  0.95677857677387756
  0.96727789932447072  0.97752306941775469  0.98821856369679795  1.00000000000000000
 -0.00186022867938960  0.00959831230483728  0.01885462481107108  0.02859317874668082
  0.03837321068098779  0.04859562885612870  0.05925438710477667  0.07086681994727533
  0.08157055704096386  0.09243168342628309  0.10323838363618029  0.11458639623438145
  0.12661499806604551  0.13792321207939681  0.14862940307191100  0.15832787629847619
  0.16839187535424185  0.17787992194763780  0.18678627015968516  0.19543343411328512
  0.20370795710862116  0.21313754908853064  0.22312985301016977  0.23311126599525556
  0.24369152983796749  0.25465519224150945  0.26643299342936405  0.27787101143554793
  0.28927591663693486  0.30060628156263769  0.31245582151589013  0.32291980714550117
  0.33245540139812418  0.34183564260924548  0.35072210274055787  0.35984681621218956
  0.36947158533833035  0.37923205787926151  0.39015632020547875  0.40159005485115218
  0.41204664813581166  0.42267891056861995  0.43348710261251461  0.44554764938093278
  0.45770291085166992  0.46766669489219553  0.47689275532220399  0.48584046684282034
  0.49460126671326377  0.50430552617801438  0.51424143004085954  0.52455568461039292
  0.53597488971282536  0.54760293295150897  0.55967423418494966  0.57192325117489140
  0.58479335725014447  0.59731073853793459  0.60780429503147215  0.61824412425440978
  0.62862240126881996  0.63959312931789136  0.65169476545368876  0.66335600644941761
  0.67509564503187991  0.68658840577241886  0.69757101222615847  0.70817141079984924
  0.71818333914031185  0.72790046001828146  0.73730086602271405  0.74724959887671905
  0.75799814449047653  0.76891239572996806  0.77953230366426007  0.78996118648533820
  0.80040264658887905  0.81163127612361863  0.82322054883831486  0.83403899539734039
  0.84431334831305849  0.85445073023705209  0.86460577924667947  0.87460813993899089
  0.88474127338635211  0.89527170388137745  0.90602334344586599  0.91648874328180074
  0.92734985414954085  0.93776789136043393  0.94757240954974176  0.95720007548756358
  0.96699034747688062  0.97763363938243975  0.98911171736883552  1.00000000000000000
  0.11125852391354971  0.52928267206774315  0.57149708957929624  0.59422449050256787
  0.60638808951933676  0.61642029684354427  0.62668952868666705  0.63778013010245238
  0.64820408164244037  0.65683513147210593  0.66440875838959768  0.67182494038688478
  0.67916637582523165  0.68652183103924425  0.69301262910217853  0.69873268754047957
  0.70404900225147793  0.70887333854155921  0.71374557250519810  0.71866750743805941
  0.72396447912011497  0.72958966967072325  0.73490679192397834  0.73987787762829405
  0.74460768482684225  0.74908749943757558  0.75381199975564184  0.75830331608804769
  0.76268241912227408  0.76661207274740695  0.77040116992918439  0.77421689937157245
  0.77817341492595415  0.78211553379584975  0.78584110020244957  0.78946317550309786
  0.79316323742966666  0.79689307754101990  0.80034376137517560  0.80336966261993903
  0.80635142719336694  0.80918283072209418  0.81191751348088048  0.81469573546653273
  0.81761683189221279  0.82067076965908226  0.82373804809048334  0.82667108078832463
  0.82950587362463957  0.83224843260161674  0.83491549669986020  0.83767654582040618
  0.84042587159880389  0.84331297319159804  0.84623259710094378  0.84897593365249513
  0.85167011183513619  0.85443041510235462  0.85730601397659467  0.86021895441830509
  0.86298504196290149  0.86581334979750801  0.86856113680426161  0.87175636412060542
  0.87466032266442795  0.87792777491836260  0.88109917365159629  0.88428692683394972
  0.88741091099766189  0.89065197354634351  0.89389854173563477  0.89724242722168990
  0.90056548201701958  0.90386054481143041  0.90713033114087405  0.91064939025099401
  0.91452222170024700  0.91822855984678531  0.92190928583624221  0.92546554218035615
  0.92907157913213312  0.93281234019971793  0.93681561693113968  0.94086232214173715
  0.94493596140808633  0.94898651671557221  0.95320097587182073  0.95743833426016545
  0.96205754679163369  0.96678193691021308  0.97161799383312764  0.97676215887610396
  0.98196799543418400  0.98723747028005515  0.99310919634051487  1.00000000000000000
  0.02158965405864229  0.17551757847343441  0.21008642103971734  0.23402495823484254
  0.25353994063044205  0.26924360562099187  0.28526602137936097  0.30093151325600187
  0.31600564651336049  0.32908498414635706  0.34057268955469805  0.35122030406989763
  0.36143224444588418  0.37149998135062717  0.38143053608417354  0.39152789437793600
  0.40174230644501524  0.41261823673591425  0.42325030303725186  0.43286690402750760
  0.44174041441196338  0.45017081784032903  0.45839630702238432  0.46667356704689444
  0.47495270634260139  0.48245074603567856  0.48924497595427213  0.49600791501603020
  0.50246327836858229  0.50867908235533965  0.51485382018733294  0.52098200133468908
  0.52685538684251976  0.53257731595278157  0.53861954075632779  0.54505568981810304
  0.55171779617721173  0.55806903178742762  0.56390981381316807  0.56961888402670169
  0.57525523278763513  0.58085296131662423  0.58654463710334448  0.59251744108621607
  0.59898464127725726  0.60528742927275403  0.61106939356628387  0.61656420999921713
  0.62166512231303206  0.62702947748718330  0.63223127184977357  0.63763042802215253
  0.64287565972667815  0.64772348180304218  0.65254744092277372  0.65740299919050182
  0.66255119969605103  0.66815017142006394  0.67419896236727606  0.68025804456926975
  0.68585632140505937  0.69101571645279969  0.69579294523446400  0.70074434412795017
  0.70590841380293923  0.71084245774680466  0.71552654619940170  0.72013192414799143
  0.72483362996322453  0.73003268069265526  0.73547701459450798  0.74078671037370669
  0.74597371644560717  0.75100398867879892  0.75610368900547076  0.76122536891015724
  0.76611705366143834  0.77056505471939485  0.77502617523281891  0.77967399176867358
  0.78470270333251568  0.79081875126887535  0.79678755017632341  0.80306499683907817
  0.80878961202167565  0.81490142968463175  0.82143489782102552  0.82925398480667456
  0.84003284130139799  0.85053754262770975  0.85977818772209458  0.86879125307503269
  0.88113262532579728  0.89510136165038257  0.97703035021113993  1.00000000000000000
   6.3650673316586466E-009  -1.0000000000000000     
 T T T T T T T T T T T T T T T T F F F F F F F F F F F F F F F F F F F F F F F F F F F F F F F F T T T T T T T T T T T T T T T T T T T T T T T T T T T T T T T T F F F F F F F F F F F F F F F F F F F F F F F F F F F F F F F F T T T T T T T T T T T T T T T T
  <DiscreteSampler_grid>
  grouped_processes
  1 # 1 for a reference and 2 for a running grid.
  10 # Attribute 'min_bin_probing_points' of the grid.
  1 # Attribute 'grid_mode' of the grid. 1=='default',2=='initialization'
  0.0000000000000000 # Attribute 'small_contrib_threshold' of the grid.
  0.5000000000000000 # Attribute 'damping_power' of the grid.
 # binID   n_entries weight   weight_sqr   abs_weight
    13   10   6.556717519079518E-002   1.115280819466947E-002   6.556717519079518E-002
    14   10   6.556717519079522E-002   1.115280819466948E-002   6.556717519079522E-002
    16   10   2.339041284463701E-002   1.680897755269470E-003   2.339041284463701E-002
    17   10   2.339041284463702E-002   1.680897755269474E-003   2.339041284463702E-002
    22   10   6.556717519079520E-002   1.115280819466948E-002   6.556717519079520E-002
    23   10   6.556717519079523E-002   1.115280819466948E-002   6.556717519079523E-002
    25   10   2.339041284463701E-002   1.680897755269471E-003   2.339041284463701E-002
    26   10   2.339041284463702E-002   1.680897755269474E-003   2.339041284463702E-002
    31   10   6.556717519079519E-002   1.115280819466947E-002   6.556717519079519E-002
    32   10   6.556717519079522E-002   1.115280819466948E-002   6.556717519079522E-002
    34   10   2.339041284463701E-002   1.680897755269471E-003   2.339041284463701E-002
    35   10   2.339041284463702E-002   1.680897755269475E-003   2.339041284463702E-002
    40   10   6.556717519079519E-002   1.115280819466947E-002   6.556717519079519E-002
    41   10   6.556717519079522E-002   1.115280819466948E-002   6.556717519079522E-002
    43   10   2.339041284463701E-002   1.680897755269472E-003   2.339041284463701E-002
    44   10   2.339041284463702E-002   1.680897755269475E-003   2.339041284463702E-002
  </DiscreteSampler_grid>
