  0.00000089288800429  0.00000120120130077  0.00000136043516806  0.00000154272313483
  0.00000173953928602  0.00000191597779526  0.00000211649879483  0.00000230903783127
  0.00000246965153724  0.00000261554931482  0.00000278658960643  0.00000299901748318
  0.00000321735078440  0.00000342724685383  0.00000359728722789  0.00000373376571631
  0.00000389208987076  0.00000409023298247  0.00000430115260275  0.00000449441768714
  0.00000467252805818  0.00000484002712081  0.00000500623789405  0.00000517305065933
  0.00000533028926110  0.00000548004190867  0.00000562812075218  0.00000578803600079
  0.00000596139200678  0.00000614471893371  0.00000631974137328  0.00000647674884154
  0.00000663048672059  0.00000678192735323  0.00000693398244779  0.00000709217885226
  0.00000728740058327  0.00000748916193927  0.00000769644551118  0.00000786424048768
  0.00000801235362396  0.00000815223789660  0.00000831022685467  0.00000848752462674
  0.00000868662226879  0.00000888307519401  0.00000909156315921  0.00000927555668861
  0.00000942355908368  0.00000956131615948  0.00000971520851661  0.00000991761615988
  0.00001011809188400  0.00001029036627831  0.00001045371975783  0.00001061612587363
  0.00001077294124492  0.00001091762466024  0.00001104714641091  0.00001117771058298
  0.00001132378718605  0.00001149842350014  0.00001169416970786  0.00001189006763919
  0.00001206819918880  0.00001223435484653  0.00001239480108523  0.00001255475562559
  0.00001271340024828  0.00001286780726418  0.00001302847761538  0.00001318610889858
  0.00001334008846039  0.00001349280683211  0.00001364819936875  0.00001380440844931
  0.00001394389975250  0.00001408052728636  0.00001422529236475  0.00001437266989679
  0.00001452650268174  0.00001469292841220  0.00001487691353633  0.00001509335939648
  0.00001531275218396  0.00001554409060251  0.00001576601494366  0.00001600052597810
  0.00001624715982437  0.00001651387025192  0.00001679770906807  0.00001708830747902
  0.00001737341237838  0.00001761019808985  0.00001779530598120  1.00000000000000000
  0.00002317665758866  0.00002327285424216  0.00002332404751893  0.00002338566354148
  0.00002345971498293  0.00002354329895194  0.00002362595234621  0.00002370524916414
  0.00002378438815577  0.00002385315047739  0.00002391641566672  0.00002399428267572
  0.00002408276228987  0.00002417672128181  0.00002427797723795  0.00002437235638640
  0.00002447212766378  0.00002457725902326  0.00002468034121123  0.00002478032332408
  0.00002488004260811  0.00002498357659959  0.00002509984345002  0.00002523303861756
  0.00002536483915369  0.00002549290793945  0.00002561890379764  0.00002574291195118
  0.00002587066912495  0.00002600383186659  0.00002613940374543  0.00002626959372828
  0.00002638118577268  0.00002647796266267  0.00002657426285214  0.00002667125168903
  0.00002679821889971  0.00002692565083910  0.00002706177333762  0.00002720842860111
  0.00002736509128556  0.00002752133158471  0.00002767425011537  0.00002782833828580
  0.00002798419518054  0.00002814038747145  0.00002829519821997  0.00002845032213836
  0.00002860456591843  0.00002874735971034  0.00002888681413486  0.00002902456982606
  0.00002916650035365  0.00002933077821687  0.00002950435439521  0.00002966404270055
  0.00002979977998003  0.00002993546679888  0.00003006907095532  0.00003022622393366
  0.00003041667981292  0.00003061263233974  0.00003081406251226  0.00003101971265697
  0.00003120504415676  0.00003136156369798  0.00003150497103826  0.00003166012365049
  0.00003184532981497  0.00003204506510906  0.00003223224909138  0.00003242251133738
  0.00003260874039187  0.00003276775608583  0.00003292834760164  0.00003309549934751
  0.00003325798180861  0.00003343617845362  0.00003361662731336  0.00003380315382158
  0.00003403667205522  0.00003427566242920  0.00003449849171423  0.00003471929339024
  0.00003493622929167  0.00003514438373537  0.00003535336816776  0.00003562634604366
  0.00003585219410892  0.00003606636211903  0.00003628320315767  0.00003649320829120
  0.00003680268181997  0.00003720778143603  0.00003769924334466  1.00000000000000000
  0.00569397884544010  0.01283320137483995  0.01997242390423980  0.02583928559109861
  0.02865122073260234  0.03172591952420122  0.04262856704231457  0.06228834457958271
  0.08099633597407736  0.09544871004793190  0.10551778568986772  0.12180545156699414
  0.14196017675836903  0.16056737807739585  0.17218579210122287  0.18087846017832857
  0.18907777398890438  0.19956695810855130  0.20975837404232747  0.21872637355872415
  0.22767006246092120  0.23728063848795566  0.25342711844782939  0.26996659341192064
  0.28626760773492377  0.30096542274196447  0.31284475146518065  0.32400907101564930
  0.33619348074806760  0.34729954250543960  0.35683602289411592  0.36473024371644197
  0.37160435072311754  0.37755275759339141  0.38271649554392373  0.38798377323615413
  0.39366223426582586  0.39897708931069542  0.40455726633085670  0.41118621764657398
  0.41779892138900210  0.42440075043875453  0.43082045944609704  0.43746276560790665
  0.44359066531583907  0.44908507303260020  0.45453342002987090  0.46051120733361051
  0.46707113517113708  0.47310425952753721  0.47820753159650403  0.48569904217214988
  0.50115465416164329  0.51561060159137639  0.52882881054236075  0.54102140548207767
  0.55331961322947221  0.56385683610363058  0.56693596560804871  0.57241441756162226
  0.57899135520131928  0.58616677414217644  0.59319372882573229  0.59944887140896197
  0.60536336718032191  0.61108985062974708  0.61745298070128207  0.62331324517368480
  0.62863957745017296  0.63422276837604086  0.63906475066746204  0.64430565973886922
  0.65164092182158440  0.66019898174250702  0.66830736574295446  0.67611473914213649
  0.68422185373284683  0.69179902583314423  0.69872863296479437  0.70668123588870413
  0.71584703609971567  0.72466277381942379  0.73329497610344263  0.74127919926063268
  0.75188324754084257  0.76716975434054857  0.77898311126106301  0.78907479854129337
  0.79935863679563213  0.80986757071908722  0.82298851799610129  0.83851899237129757
  0.85972764649778677  0.90076913698654681  0.95136793171755707  1.00000000000000000
 -0.00238452597465509  0.00853307260952326  0.02015256510647552  0.03103333273744654
  0.04339809871829736  0.05692422429649958  0.07093331694896328  0.08563805630407464
  0.10142113110682480  0.11777612945578754  0.13567678004634370  0.15345315803490911
  0.16908612568737891  0.18035511673025428  0.18765401643956034  0.19686125281560812
  0.20606877326486930  0.21527183023339380  0.22366083072206785  0.23093096957272716
  0.23813626350039838  0.24606158079599275  0.25437123236123182  0.26241454037833306
  0.26993101974152367  0.27728850721058640  0.28463463770361397  0.29187780924834511
  0.30087766309752073  0.31114075478815256  0.32258935030923180  0.33395862430902684
  0.34383814433270493  0.35255652285456590  0.36158401596141720  0.37217193495030604
  0.38287402551786259  0.39103947821822516  0.39741244302481454  0.40379041720238168
  0.41102718804167787  0.41809423800390394  0.42559630073830584  0.43430607995430454
  0.44238678133010956  0.45079739166894128  0.45855391339952689  0.46630410167762482
  0.47453066101700248  0.48497091238460383  0.49506401231858349  0.50176486222539352
  0.50790707007484204  0.51409249409560853  0.52101224381129951  0.52838643682711384
  0.53615418388438141  0.54397042514658167  0.55167621430970792  0.55987795308771937
  0.56710316268086236  0.57408808290843427  0.58156103001398174  0.58963762810630793
  0.59775131263140246  0.60709700244693654  0.61710999889742302  0.62973291476954407
  0.64302873036874397  0.65738304759069421  0.67349267834674176  0.68914889236912436
  0.70765363095586986  0.72655709203599794  0.74499282648115706  0.76975022615174327
  0.78754683699380046  0.79845943828545451  0.80558622350335118  0.81573726097206545
  0.82622896699031456  0.83635774882536940  0.84537678303572172  0.85406911444773359
  0.86304434460611801  0.87525422963963329  0.88954337738073630  0.90237850767250760
  0.91298489562768359  0.92104775244478398  0.93013396472429510  0.94435703881952149
  0.96196158912867225  0.98089172413192571  0.99770564759175595  1.00000000000000000
  0.08872418697283668  0.09836876164275446  0.11013811621857894  0.12228235639932968
  0.13440530042998164  0.14582427117751126  0.15688585441197259  0.16802181057663843
  0.17973150260562670  0.19293554979255725  0.21064538216974943  0.22620671609486584
  0.24050015648591708  0.25394194968978528  0.26998986662048369  0.28306781892144556
  0.29136925947140746  0.29627196515533610  0.30159115485035237  0.30747233739014795
  0.31418883125615205  0.32241578679093030  0.33057586088057972  0.33840188191837905
  0.34508333495206411  0.35218206394957408  0.36397993926353672  0.37905025867450393
  0.39424994231905908  0.40916719313259947  0.42361312710044152  0.43684890046809283
  0.44683086201516653  0.45310393435448942  0.46076230594592654  0.46708391632061702
  0.47360148644171440  0.48025442834981408  0.48641402658895622  0.49227617217022640
  0.49810726148207568  0.50422645138624922  0.51046202559511034  0.51657592094001081
  0.52223438738005057  0.52881685000555145  0.53448265646500470  0.54021359902481514
  0.54650902552298275  0.55333976531413587  0.56062804605887517  0.56854250750660440
  0.57727552791383319  0.58693078018951783  0.59663997293310178  0.60562523803715285
  0.61237361181879213  0.61934987217271775  0.62713796214100914  0.63486090011722618
  0.64246677417604348  0.64800470430735313  0.65128367512365781  0.65416267007577256
  0.65787030842738325  0.66341597475426139  0.67081802855806705  0.67783854131804533
  0.68482334443321558  0.69181521981709371  0.69821226398953296  0.70452545456599314
  0.71086863070424311  0.71747018972878585  0.72467307672482772  0.73130143339958031
  0.73803140016109581  0.74435928044369104  0.75097708619392667  0.75757651123325154
  0.76365195678367792  0.77012219369468127  0.77777114161202199  0.78567052013882033
  0.79121162600945349  0.79560165515045445  0.79825241064457197  0.80341237543705346
  0.81410522392668383  0.82684775354403206  0.83851086584495194  0.84935272774945547
  0.85998833096800775  0.88568068010091927  0.91227443329480196  1.00000000000000000
 -0.00269644870628237  0.00526487232446099  0.01590882440934288  0.02868209383622586
  0.04250183930291198  0.05631929088670092  0.06988742705672533  0.08205240052375321
  0.09081322544674707  0.09741958656669324  0.10712146230358817  0.11584986458979923
  0.12402802280418311  0.13252035046964572  0.14203916719731080  0.15174311940260748
  0.15986760833083391  0.16907833853485923  0.18390901820118188  0.20090021431094382
  0.21371507840372678  0.22196186238357080  0.23072915254640541  0.24037265001168848
  0.25005767025298758  0.26023339994295919  0.27176399323060280  0.28394289808416473
  0.29458529384501320  0.30270086057113349  0.31207956246183033  0.32249491873911168
  0.33267589949427517  0.34309681854748086  0.35572768898259344  0.37096054578938858
  0.38764010363752038  0.40265278707429053  0.41467343413526453  0.42303393945797774
  0.42953016538940691  0.43649839178316480  0.44479839384228637  0.45418928702801192
  0.46414668282738769  0.47344594772105975  0.48135926016659636  0.48956124256902239
  0.49561566458910333  0.50222004916173946  0.51009673169640446  0.52050194006211226
  0.53033763436090742  0.54069919318688398  0.55809031458726954  0.57663579838954193
  0.59359615676263233  0.60909183044158510  0.62220932327058598  0.63425742394342266
  0.64608754623255149  0.65616107674337021  0.66365333679519833  0.67042450643269813
  0.67686424828098046  0.68442019902242057  0.69328148275407164  0.70254241725751876
  0.71179922121222128  0.72159244973646619  0.73153520268342165  0.74059559875157654
  0.74975237499334080  0.75789441469640761  0.76577569109206589  0.77731933902844730
  0.79319307902435687  0.81117602266434197  0.82771848811548254  0.84362789245956127
  0.85753966458681385  0.87123102886458637  0.88450822958000863  0.89718737989729058
  0.90944121140527689  0.92056375722913719  0.92853073125519403  0.93559981413541926
  0.94312295038086358  0.95111998918697482  0.95853665665097842  0.96570046236031715
  0.97342974114081704  0.98229499289402733  0.99106759381757459  1.00000000000000000
  0.22777037581248749  0.23281004393193266  0.23650970710692812  0.24019630397277347
  0.24317675075707668  0.24546740887013710  0.24985343399212767  0.25728611391668665
  0.26305263659061040  0.27011809499458628  0.27972218578595781  0.29007497508869240
  0.29886126545293101  0.30597355689604194  0.31305046256678803  0.32062338399345036
  0.32756220764588545  0.33439800119922358  0.34039611796352492  0.34576117149548885
  0.35167397635483316  0.35930605225168333  0.37006347316488813  0.37876415472965924
  0.38549476618816353  0.39108476950134952  0.39659074353637269  0.40206498438830679
  0.40741581353936707  0.41270999827509791  0.41802587063208613  0.42393985245113375
  0.42992911088441871  0.43592884956896960  0.44157601768815091  0.44752965474769951
  0.45303573323157953  0.45830410797724574  0.46324744153178449  0.46851610156232659
  0.47298371816385681  0.47757545552094022  0.48225817308294672  0.48728473506134484
  0.49233466215374821  0.49711197197987050  0.50195586955828331  0.50708531918511757
  0.51293263515616228  0.51816330502788155  0.52297025455126700  0.52794510962971508
  0.53293179299367210  0.53802759501391617  0.54325148249443223  0.54817252331628941
  0.55332161574647931  0.55876930171248540  0.56422335180812544  0.56947843234997320
  0.57477514501321747  0.58052576559700630  0.58636666565038476  0.59183302841220009
  0.59673886994578218  0.60221049791502890  0.60867104023592034  0.61530736842816280
  0.62182000638436108  0.62827251366670678  0.63510695066228307  0.64252927573583207
  0.64946833384860037  0.65592409497033854  0.66241392086156192  0.66939874950823297
  0.67671088943312196  0.68349590220219025  0.69027591478880579  0.69659588741394929
  0.70306671681914845  0.70890001929656221  0.71551880393578193  0.72291437662147051
  0.72928837225191312  0.73329085413282669  0.73672281612923440  0.74083751304546019
  0.74557359898985354  0.75517297768377878  0.77821186200155190  0.80181869797616012
  0.82586757117627863  0.84962630688235508  0.87820424660567120  1.00000000000000000
  0.00359334185832686  0.00367307469833084  0.00375280753833482  0.00383254037833881
  0.00391227321834279  0.00399200605834677  0.00409045990929360  0.00437275455379730
  0.00465504919830099  0.00493734384280469  0.00521963848730839  0.00643825079277073
  0.00868816068633230  0.01091422158139209  0.01319399748932285  0.01440822189581475
  0.01554946926313474  0.01706586809931122  0.02288799670397997  0.02704166488356132
  0.03095632231334287  0.03588530463870580  0.04240796709810934  0.05190897816941684
  0.06150061150025982  0.07227705871725497  0.08367631821335342  0.09431991910784236
  0.10468884466581524  0.11466428204547979  0.12716951293641707  0.14418910880759034
  0.16386702549254856  0.18747525601431125  0.20861104601538949  0.22743221108567735
  0.24026331071122836  0.25099158120807968  0.26268599591871672  0.27376242964555131
  0.28400245302118010  0.29628492915537091  0.31046319084500595  0.32039440919189444
  0.32836094986811398  0.33765529874422556  0.34873711210600417  0.36145576938130308
  0.37142264774749173  0.38221249662044482  0.39583049824079114  0.41080355033120436
  0.42831552950221813  0.44503656448897611  0.45829744408125389  0.47152052471697531
  0.48450381174571494  0.49669391290675396  0.51494118091571661  0.53883487133079422
  0.56312444688062602  0.58205542834983615  0.59381881564912253  0.60762766198457308
  0.61966304706981867  0.63094102064981672  0.64379836949172020  0.66211262334138365
  0.67692837209237355  0.68792096874019415  0.69983810912212419  0.71128158336890590
  0.72379492594021588  0.73958562038988906  0.75537224321462637  0.76847667967755395
  0.78024481236162935  0.78990314620328517  0.79751739666220967  0.80528248865754559
  0.81418064154216685  0.82415421988715332  0.83518087787164141  0.84731603176242143
  0.85874496167499170  0.86873859507034312  0.87873713454228819  0.88866870313271218
  0.89786723593257101  0.91232152125146782  0.93192035663246431  0.94464741481363335
  0.95616270133912529  0.96928661423080853  0.98194174245697796  1.00000000000000000
  0.10851140068073964  0.13172939624043584  0.15494739180013203  0.17644323361597430
  0.19615063091397281  0.21102581931683836  0.21887923694035288  0.22878917622034506
  0.23668370472516218  0.24284008206851054  0.24888850636663187  0.25565479980450601
  0.26363727851645341  0.27034062620833088  0.28622326475190107  0.30815065151162341
  0.33057577062428556  0.34946225275180554  0.36495374618115395  0.37761429550352726
  0.38617393064338518  0.39290201385295614  0.40121328398950573  0.40769686514216957
  0.41299241328865555  0.41852856348906281  0.42388413356905291  0.42888181675305026
  0.43851699336089633  0.45392124976750675  0.46495060904379854  0.47435169856609238
  0.48342730663230660  0.49093318997545304  0.49916059542199626  0.50930634277614439
  0.51648333054676099  0.52434114012717470  0.53639455965563754  0.55052927767861715
  0.56376688510550144  0.57625173245617411  0.58896411084203515  0.60219165836936284
  0.61538690774820204  0.62808501403240014  0.63747875017719680  0.64564262999905664
  0.65437727505838295  0.66415341539365891  0.67347595756174294  0.68139483307791193
  0.68954337076123562  0.69918141892284136  0.70958964564596971  0.71939372215838915
  0.72976931392240840  0.74020642381009649  0.74801185631347855  0.75555880385884744
  0.76319304559184797  0.77045133491465057  0.77701335875704358  0.78323917550906486
  0.79014663113467454  0.79651181508849467  0.80242991903274252  0.80736036609853024
  0.81256061995861517  0.81805860792345308  0.82445933730423704  0.83119888509998385
  0.83718228712323428  0.84317149720614903  0.84932342711768394  0.85429471869494056
  0.86188039562070384  0.87248424786110335  0.88144193873205323  0.88805450535531083
  0.89515748587652177  0.90395318765388077  0.91235276237412388  0.91934917085073264
  0.92536772825591085  0.93141384795554183  0.93700840210666680  0.94182718378973529
  0.94674924937096316  0.95212496418915238  0.95715703684081088  0.96125470651066880
  0.96481342113886326  0.96851262554934558  0.97024842445650195  1.00000000000000000
  0.21171619756450752  0.23399111303857129  0.24267462372361767  0.25264759307626111
  0.26604348853640769  0.27949906710971628  0.29247718992722155  0.30285773901081714
  0.31223717360923808  0.32191280417591184  0.33163911456045220  0.33953810754978814
  0.34587019124359714  0.35236572685269579  0.35945951963464379  0.36676413635467242
  0.37327686677335548  0.37988247165882111  0.38739364537808513  0.39472768708567102
  0.40176582239394326  0.40842051570308041  0.41410122983176895  0.41950968902632285
  0.42548954966261976  0.43256805922077651  0.43959287738136144  0.44547159491666682
  0.45112473356742672  0.45763353195628831  0.46459380111725074  0.47170258374404844
  0.47878639277462726  0.48614431207913061  0.49325450797909381  0.49943204881483744
  0.50481161192896107  0.51021890771376266  0.51488520656399916  0.51950438558023171
  0.52408627567092025  0.52884122026002722  0.53399103419400684  0.53887340630271063
  0.54377123010676565  0.54900726675998979  0.55295652172176490  0.55590988570586752
  0.55882954651780170  0.56294180505094116  0.56907924532389842  0.57565217916743849
  0.58276875666102079  0.58723344322154858  0.59213138905620022  0.59803647741306198
  0.60460330836590748  0.61106050689658964  0.61758306574146371  0.62336530689951863
  0.62876560878678689  0.63387178650302056  0.63946136742438064  0.64546301350658264
  0.65138260356251543  0.65641374758917126  0.66072949149299687  0.66479689479619253
  0.66904647519330585  0.67386425057086075  0.67855645092948924  0.68287165534789540
  0.68702950607168900  0.69223553079741340  0.69718764315289372  0.70170919369295170
  0.70522802350572500  0.70990164253410715  0.71404819201091485  0.72057215418521237
  0.72663509670179449  0.73246729329899896  0.73789331932279856  0.74220743374637854
  0.74517785555739080  0.74879902110053242  0.75371140861687025  0.75855523382542989
  0.76390650815398731  0.76959862440382398  0.77565664261609824  0.78045119502814853
  0.78422792595847379  0.78537866468620776  0.78623558995239406  1.00000000000000000
   1.3057335407390986E-013  -1.0000000000000000     
 T T T T T T T T T T T T T T T T F F F F F F F F F F F F F F F F F F F F F F F F F F F F F F F F T T T T T T T T T T T T T T T T T T T T T T T T T T T T T T T T F F F F F F F F F F F F F F F F F F F F F F F F F F F F F F F F T T T T T T T T T T T T T T T T
  <DiscreteSampler_grid>
  grouped_processes
  1 # 1 for a reference and 2 for a running grid.
  10 # Attribute 'min_bin_probing_points' of the grid.
  1 # Attribute 'grid_mode' of the grid. 1=='default',2=='initialization'
  0.0000000000000000 # Attribute 'small_contrib_threshold' of the grid.
  0.5000000000000000 # Attribute 'damping_power' of the grid.
 # binID   n_entries weight   weight_sqr   abs_weight
    13   10   5.894180767614726E-003   6.647944107775651E-005   5.894180767614726E-003
    14   10   5.894180767614728E-003   6.647944107775657E-005   5.894180767614728E-003
    16   10   7.260583812915564E-003   1.039600266006708E-004   7.260583812915564E-003
    17   10   7.260583812915562E-003   1.039600266006708E-004   7.260583812915562E-003
    22   10   6.280673554475183E-003   6.562176587535690E-005   6.280673554475183E-003
    23   10   6.280673554475183E-003   6.562176587535691E-005   6.280673554475183E-003
    25   10   8.238837834660751E-003   1.136375904797951E-004   8.238837834660751E-003
    26   10   8.238837834660751E-003   1.136375904797951E-004   8.238837834660751E-003
    31   10   6.280673554475183E-003   6.562176587535690E-005   6.280673554475183E-003
    32   10   6.280673554475184E-003   6.562176587535692E-005   6.280673554475184E-003
    34   10   8.238837834660751E-003   1.136375904797951E-004   8.238837834660751E-003
    35   10   8.238837834660751E-003   1.136375904797951E-004   8.238837834660751E-003
    40   10   5.894180767614726E-003   6.647944107775652E-005   5.894180767614726E-003
    41   10   5.894180767614728E-003   6.647944107775654E-005   5.894180767614728E-003
    43   10   7.260583812915564E-003   1.039600266006708E-004   7.260583812915564E-003
    44   10   7.260583812915561E-003   1.039600266006707E-004   7.260583812915561E-003
    49   10   5.894180767614726E-003   6.647944107775651E-005   5.894180767614726E-003
    50   10   5.894180767614726E-003   6.647944107775655E-005   5.894180767614726E-003
    52   10   7.260583812915562E-003   1.039600266006707E-004   7.260583812915562E-003
    53   10   7.260583812915561E-003   1.039600266006707E-004   7.260583812915561E-003
    58   10   6.280673554475183E-003   6.562176587535688E-005   6.280673554475183E-003
    59   10   6.280673554475183E-003   6.562176587535691E-005   6.280673554475183E-003
    61   10   8.238837834660753E-003   1.136375904797951E-004   8.238837834660753E-003
    62   10   8.238837834660753E-003   1.136375904797951E-004   8.238837834660753E-003
    67   10   5.894180767614726E-003   6.647944107775648E-005   5.894180767614726E-003
    68   10   5.894180767614726E-003   6.647944107775652E-005   5.894180767614726E-003
    70   10   7.260583812915564E-003   1.039600266006707E-004   7.260583812915564E-003
    71   10   7.260583812915561E-003   1.039600266006707E-004   7.260583812915561E-003
    76   10   6.280673554475182E-003   6.562176587535687E-005   6.280673554475182E-003
    77   10   6.280673554475183E-003   6.562176587535688E-005   6.280673554475183E-003
    79   10   8.238837834660753E-003   1.136375904797951E-004   8.238837834660753E-003
    80   10   8.238837834660751E-003   1.136375904797951E-004   8.238837834660751E-003
  </DiscreteSampler_grid>
