 -0.00294125040194371  0.01335241047536908  0.02583741244040597  0.03835907475051917
  0.05030218353278521  0.06236036627913917  0.07363657165211600  0.08476559474028536
  0.09577202959143945  0.10684689711560030  0.11829524228122498  0.12990551080679758
  0.14187468332251355  0.15360104766081323  0.16516212379036369  0.17640655088514981
  0.18741920455694425  0.19834071761099992  0.20910920140855518  0.21980606190678917
  0.23042094106814751  0.24128243424319493  0.25211106916680559  0.26250239564125960
  0.27311187018208222  0.28359478392942639  0.29409176763928696  0.30445685672607176
  0.31476478647102590  0.32491749796575531  0.33486824594281084  0.34483821118319558
  0.35491851009744835  0.36510081054471366  0.37560375433756427  0.38636694469181943
  0.39708635120946523  0.40738541559700647  0.41756963026218480  0.42799969633252788
  0.43861221473614459  0.44914341928848722  0.45950300727396548  0.46983568202449227
  0.48013489572893814  0.49035802255302852  0.50057877517622085  0.51078030462740387
  0.52088574500704865  0.53097833188724242  0.54131050816845916  0.55189306687126294
  0.56245867673958017  0.57271626028726785  0.58295101746307143  0.59344546980917401
  0.60414909877891843  0.61481272313282642  0.62549811393049226  0.63625643425698031
  0.64705154826268041  0.65761274097006639  0.66807780430494812  0.67872660766575554
  0.68945068893576422  0.70006133142762994  0.71036711001190889  0.72050307527997326
  0.73072134031352864  0.74107358662432510  0.75170609599348592  0.76259009548518020
  0.77367704066657228  0.78500951486300630  0.79617179288338258  0.80696751027264679
  0.81733233747368172  0.82712175052830550  0.83671199373258154  0.84641968223705843
  0.85641619050297746  0.86667186429178877  0.87694794129420561  0.88720416793099466
  0.89756401946597308  0.90796784400048358  0.91841101834760819  0.92866716220097434
  0.93880522096677244  0.94873056252414878  0.95852536038688296  0.96816568218495103
  0.97747448559976136  0.98596517084519875  0.99319739951146113  1.00000000000000000
 -0.00547781931059627  0.02767816666351042  0.04749490634290291  0.06288368037786669
  0.07602814730441350  0.08797093436606340  0.09908917969481092  0.11000307216232662
  0.12091688548163863  0.13197310105868948  0.14297957870448830  0.15389555131347787
  0.16466446715517122  0.17523268020055871  0.18578385555575205  0.19650834695379110
  0.20732451800100538  0.21823164565410352  0.22911921409233280  0.24004503995162094
  0.25089544897987204  0.26154318869343779  0.27205146575400024  0.28243993355664104
  0.29279430165572801  0.30314251231911976  0.31372353405367948  0.32454187685897279
  0.33500091062887000  0.34526151674104538  0.35561515212947686  0.36626232238304085
  0.37695699928066639  0.38753814791341290  0.39795417153018731  0.40822662044534519
  0.41845596604352830  0.42903663846177398  0.43967113522599316  0.44999308227411960
  0.45993797554299087  0.46963071727137790  0.47920602187743971  0.48893703728629218
  0.49909939267208470  0.50977209628742082  0.52046526608248622  0.53092905595439632
  0.54126493844985779  0.55150153199853491  0.56160536429095631  0.57155441397026185
  0.58133545136562226  0.59108507147169442  0.60108545564842586  0.61140501071622100
  0.62207931220576596  0.63275612804254378  0.64330721019294312  0.65357636010184272
  0.66370366439276196  0.67378022875414656  0.68402987616951338  0.69438131057454344
  0.70485770092213684  0.71534038987516468  0.72576860781938912  0.73607997154779681
  0.74643756902457636  0.75690481940229570  0.76733442127810969  0.77755920375380039
  0.78766434713131706  0.79771085123077135  0.80773047468357639  0.81757812730678103
  0.82734118945478363  0.83703826386157976  0.84683786072588130  0.85671377061202092
  0.86660417594620731  0.87646991153649534  0.88613522793335298  0.89573554731735738
  0.90538195926280951  0.91503334835848471  0.92469686205528223  0.93438391921618036
  0.94422509246183672  0.95409391990353520  0.96350124572032647  0.97245744000973555
  0.98089856331499237  0.98813084029861920  0.99430084113231099  1.00000000000000000
  0.00000115553653199  0.00000148693964107  0.00000201512775533  0.00000271168665354
  0.00000353610488141  0.00000445927754485  0.00000545868526120  0.00000648517042251
  0.00000757020969499  0.00000870043584888  0.00000987523277629  0.00001108962433514
  0.00001239563540385  0.00001385501609170  0.00001547087330311  0.00001729316807398
  0.00001931699613152  0.00002155514110685  0.00002403480229055  0.00002676349130175
  0.00002980005295344  0.00003327505690121  0.00003725049007062  0.00004179667138112
  0.00004704525380549  0.00005272390114727  0.00005853970731901  0.00006436326115639
  0.00007017210137102  0.00007604999117275  0.00008209725333951  0.00008828880290383
  0.00009465228045088  0.00010133942811070  0.00010809674097061  0.00011539869051189
  0.00012268897904997  0.00013053027684291  0.00013853470096562  0.00014692873422686
  0.00015571566218853  0.00016507994982487  0.00017514920714751  0.00018547568802063
  0.00019652476245836  0.00020809119911466  0.00022072494305259  0.00023391176529498
  0.00024711886450772  0.00026114964691061  0.00027580822799801  0.00029129895958493
  0.00030769758561683  0.00032483806188523  0.00034368397701427  0.00036389003603426
  0.00038600085711983  0.00040923049060025  0.00043456755062163  0.00046235026408534
  0.00049121896522111  0.00052091364934587  0.00055254517403174  0.00058811971718795
  0.00062670375606167  0.00066848033320787  0.00071450407777583  0.00076470016590726
  0.00082522358933254  0.00088903488265353  0.00096445249392714  0.00103595635082219
  0.00112277175235208  0.00122665216745892  0.00134179785352663  0.00143279119123809
  0.00152610342934200  0.00161778841317668  0.00173880977560330  0.00188074443912713
  0.00202581542027646  0.00215545545907619  0.00228602653206591  0.00243394612929762
  0.00260706527335629  0.00277130423433978  0.00292488228830846  0.00311143288346992
  0.00329774494795321  0.00350305272712248  0.00372596116662308  0.00395781603208649
  0.00633308999794388  0.00805786402707495  0.01572509281080462  1.00000000000000000
 -0.00166633860734944  0.00587560707653838  0.01287815646912991  0.02007278244468372
  0.02773222054946727  0.03548791262950064  0.04315297578215380  0.05031035879178957
  0.05725275852170390  0.06414282549019534  0.07112498525424969  0.07818117762486579
  0.08519869641295316  0.09224469686087343  0.09950455522368927  0.10707501925151622
  0.11489443744438080  0.12267831017779873  0.13010793871522564  0.13730444734897262
  0.14449510500840002  0.15158329277978952  0.15858971344749556  0.16525565960892086
  0.17236808196691536  0.17949719084815019  0.18711035637656495  0.19488025817875254
  0.20285765798904171  0.21045282736317580  0.21795596670943318  0.22542200579932178
  0.23298477036173995  0.24067971287989101  0.24842702781731574  0.25630114940484344
  0.26414475308057378  0.27183465375730415  0.27978820442665087  0.28798680478698285
  0.29651529591396958  0.30513871545444143  0.31373135787449941  0.32209949453727466
  0.33062079055825061  0.33897389132598221  0.34738224231333054  0.35585138903075009
  0.36462365650084433  0.37336957149161681  0.38246421234351297  0.39139707279746105
  0.40034078248979277  0.40923036399731105  0.41821746380706859  0.42737491239976577
  0.43665995835509325  0.44615311895532944  0.45570055482490346  0.46513608382100846
  0.47449355861315351  0.48402044923416709  0.49376089651484767  0.50357117550173480
  0.51326586651325046  0.52309801171181924  0.53309923888847000  0.54341796321994806
  0.55402771187227928  0.56492492169816300  0.57590866998822077  0.58710799442679507
  0.59853835314480885  0.61027377777653213  0.62234949238927384  0.63495802720892847
  0.64783563533495014  0.66073135191218058  0.67396636806452481  0.68753399586881025
  0.70157024414590419  0.71575833934195643  0.73057022517783909  0.74597341253585880
  0.76133419404554326  0.77695515967323747  0.79326424115667693  0.81026307106553097
  0.82842882928911066  0.84822131226541164  0.86978037473852488  0.89261561101929798
  0.91694794460552698  0.94251521686498552  0.96993488652041893  1.00000000000000000
 -0.00258619267419365  0.00955212146608951  0.01986849495032474  0.03044025559038957
  0.04112052383546665  0.05195393926506519  0.06261306608641748  0.07294928641309263
  0.08318170014513870  0.09328533464790548  0.10343296914221473  0.11365473296814850
  0.12383885227141411  0.13366594795720341  0.14341439728920255  0.15342895674461815
  0.16398079899953999  0.17440646330347567  0.18487943257042649  0.19539208169049979
  0.20625441324427349  0.21686005012518650  0.22739336139276783  0.23792352387799334
  0.24864232340532896  0.25895607663813158  0.26885132179683319  0.27848839771147904
  0.28834179499794182  0.29843485969173905  0.30877740257529462  0.31937940359041261
  0.33013062002589555  0.34087843158438619  0.35172878806109481  0.36261438859967060
  0.37355460660190171  0.38428899190117377  0.39485518612001042  0.40540470718183796
  0.41566750671930858  0.42592193695899133  0.43617978581215977  0.44680180844934175
  0.45759059200650848  0.46829913735376899  0.47909736114203816  0.48959915433410472
  0.50021744323188189  0.51048766722682237  0.52085245102091005  0.53123327452013269
  0.54152786098658923  0.55194277403617487  0.56230617780917702  0.57266391556085416
  0.58297127722851960  0.59332420063749669  0.60389373601888141  0.61446465716405829
  0.62509714056418841  0.63609690793491935  0.64716783630249186  0.65807341768260197
  0.66881512373917218  0.67993664059425996  0.69123991105797045  0.70306666604202495
  0.71475051929285016  0.72647612992283639  0.73778967335221946  0.74871209069015143
  0.75939433814070201  0.76989501864571153  0.78033190586567336  0.79077032278861215
  0.80113364375411100  0.81136062121952568  0.82107475127378382  0.83102671167073383
  0.84114247791437569  0.85139502298350744  0.86175663378368328  0.87156999415446812
  0.88168680240874753  0.89182761019755175  0.90254392526608040  0.91339785551661357
  0.92422390398056586  0.93522205218298915  0.94595589365829780  0.95682914364145299
  0.96762992269846104  0.97834330079497089  0.98927219744256645  1.00000000000000000
 -0.00152590272924771  0.00599713336108855  0.01269459636129560  0.01934986354136379
  0.02603071732146469  0.03285740717554077  0.03988219320958548  0.04693257609476496
  0.05394854767004071  0.06070338079759553  0.06808605349101846  0.07546121377024122
  0.08286773630350383  0.09047869606219751  0.09807654144562168  0.10566651750882797
  0.11328062325062520  0.12091511637396599  0.12852632623495625  0.13608382757883800
  0.14369130224250254  0.15120175256307386  0.15893005236670060  0.16659035514784215
  0.17429681633932037  0.18209690231212475  0.18975225159132089  0.19735305507405576
  0.20499509615511288  0.21273347966481670  0.22048341655749831  0.22821977114388547
  0.23605700765083298  0.24403369669895930  0.25208248248497261  0.26007655390364354
  0.26787823370919261  0.27562777368395092  0.28332771672114948  0.29106329382510998
  0.29902085608245316  0.30724981538792800  0.31564536944930932  0.32408103228857582
  0.33240749307355838  0.34069064030250951  0.34888990282386317  0.35700708116931978
  0.36532111157737762  0.37392036406058754  0.38286108938531582  0.39192804355319416
  0.40116238667676379  0.41020381659049976  0.41917231934846483  0.42808326362086718
  0.43713649962135642  0.44650312339658377  0.45592643374869724  0.46533280723529979
  0.47472313739619659  0.48435115041316146  0.49429457878300759  0.50423587029095962
  0.51414450994512373  0.52419881175524796  0.53463747935911998  0.54529041169689052
  0.55578074178019310  0.56620156951467104  0.57673190597639201  0.58768038992764637
  0.59918613146828215  0.61116176414954992  0.62351998227068350  0.63580842725350084
  0.64815810932401796  0.66058017174161920  0.67321526593284264  0.68607738800011231
  0.69964539459162378  0.71375685658005206  0.72882420641329460  0.74410114459548182
  0.75984176380453639  0.77602134548630641  0.79314189213936170  0.81112728959101088
  0.82999091801113889  0.84959432961891979  0.87058909261714257  0.89226656742521548
  0.91524687028555596  0.94037803037533041  0.96854493329938529  1.00000000000000000
 -0.00215287507382731  0.00868447239073155  0.01810293357860027  0.02788747136936239
  0.03786332462765962  0.04830080019812190  0.05868807796740414  0.06922707612486656
  0.07971798188391535  0.08999978032263642  0.10023931681715681  0.11062526792857233
  0.12131503797000620  0.13185999799889356  0.14214906096715188  0.15247118946148500
  0.16285670142629205  0.17294481274987694  0.18317752466352633  0.19360796487669535
  0.20437269073227779  0.21502050491595495  0.22552422126139701  0.23570691069726005
  0.24584152607590262  0.25610349650242142  0.26628514988202795  0.27645637570201897
  0.28639092555499857  0.29639972121352004  0.30654604431934185  0.31692378887992156
  0.32749503290917376  0.33820795581381546  0.34921408522955960  0.36035397530566632
  0.37106166007085439  0.38160274961330137  0.39210218281690346  0.40276161831820817
  0.41327897732261437  0.42376264345060610  0.43457998119291391  0.44537696451034209
  0.45648906585428678  0.46763043767001333  0.47892041463784374  0.48975244492166203
  0.50042888419996234  0.51114070342586826  0.52173572556424530  0.53190632639809332
  0.54213867049883624  0.55288448021447456  0.56381555375122971  0.57442554088566400
  0.58485968488536011  0.59526237474493526  0.60581248762469830  0.61630504048289991
  0.62691471730038983  0.63753787233444037  0.64801323186332171  0.65845323246405041
  0.66901081130696061  0.67991693543267617  0.69102937880908344  0.70201221075592501
  0.71278007455911263  0.72348155143501947  0.73417638438997423  0.74504245768090860
  0.75571549871603449  0.76628766634836043  0.77679748185864983  0.78687832643751632
  0.79698194121435362  0.80702150345714907  0.81752294571024686  0.82806462519232549
  0.83889019170270362  0.84998964233274465  0.86100232909678898  0.87180464713535888
  0.88247054922184986  0.89323862790540132  0.90402248374798400  0.91493349971750371
  0.92579948498543163  0.93664090965133051  0.94723216497659435  0.95775270798234147
  0.96799941453131122  0.97864522922945785  0.98926647333924000  1.00000000000000000
 -0.00260329324589405  0.00967771407432933  0.01971721843468337  0.02981960578094578
  0.04002826909240914  0.05007109763078866  0.06024940974178929  0.07047412836999212
  0.08102917380381464  0.09146661728767223  0.10182825914418088  0.11205632373620125
  0.12252788754098962  0.13346576013183284  0.14439281317406474  0.15527248969244017
  0.16587321693401699  0.17630961375257073  0.18627074814646685  0.19668112376870495
  0.20697695621580653  0.21712615120329343  0.22720353492328715  0.23739464321610437
  0.24767862670779656  0.25750120258109832  0.26750026415493322  0.27784429298690966
  0.28843958485356919  0.29894775109033545  0.30928101332470675  0.31986216612613005
  0.33026493270968477  0.34062136598505222  0.35099390562858207  0.36185827822810834
  0.37276662910398600  0.38375322632207476  0.39476371657409842  0.40578995429648462
  0.41686717498231901  0.42770702428412077  0.43850513111971251  0.44865852623456476
  0.45896144733627026  0.46961300822444357  0.48052338611082562  0.49096419272896225
  0.50093749393896025  0.51061584459257725  0.52032377167174959  0.53029862912604242
  0.54066909725844881  0.55127579258948978  0.56205638713898065  0.57285961820168896
  0.58379578142301236  0.59456047656935729  0.60533883829878932  0.61620905653164326
  0.62718174122888670  0.63810153178520412  0.64897144132285556  0.65970028560976413
  0.67051188419751906  0.68116476755543665  0.69170231421612238  0.70223053966411997
  0.71283957197934733  0.72372465572684508  0.73452947997207896  0.74531583565134041
  0.75613443526769308  0.76685519456817464  0.77760717405235036  0.78841907157323143
  0.79911049239826615  0.80986647506272758  0.82033092391841966  0.83098557448275412
  0.84176870905492662  0.85238781981710621  0.86282003769814930  0.87311108468563214
  0.88352986278998680  0.89413483232895397  0.90482091661991892  0.91540904140622015
  0.92542335171095846  0.93547184883399181  0.94596047049555032  0.95683113311565970
  0.96769268797381136  0.97817613254307856  0.98926109150359631  1.00000000000000000
 -0.01184138228867825  0.09662719605790802  0.16933512937176831  0.21685169527608689
  0.24347019900459091  0.26104811205045197  0.27440359517242041  0.28562481573478588
  0.29583934529145811  0.30528562908956641  0.31428261280223302  0.32279088909956893
  0.33097364763871656  0.33887931542734867  0.34651068794893120  0.35401809084976210
  0.36142696219694592  0.36869333394658543  0.37580992079049114  0.38283647816862759
  0.38979542711994258  0.39687310059004188  0.40374374088837123  0.41071344962993489
  0.41755058614342316  0.42433597908657100  0.43113924013711852  0.43786408372708313
  0.44456563705113539  0.45121050137160618  0.45783990662091084  0.46458650666412998
  0.47141412665674104  0.47820345305514239  0.48497338884783631  0.49165488022634257
  0.49832427692058562  0.50506891504277573  0.51172546258381113  0.51835372260856438
  0.52490121724428385  0.53142382247759357  0.53805464279231230  0.54480242797041278
  0.55162487024306239  0.55841752468247297  0.56513471803529070  0.57183924463717917
  0.57856750472132745  0.58528560266342011  0.59201728853968127  0.59871281616755856
  0.60542022737348045  0.61212109894486422  0.61896541320372067  0.62572538680740042
  0.63255255896006013  0.63934975343148015  0.64618252405219956  0.65308366893784708
  0.66017910399474755  0.66739953333899094  0.67476095702335137  0.68200410540899614
  0.68925542892415326  0.69662435803706235  0.70404145503030757  0.71147484631985924
  0.71871553869116012  0.72590441641523828  0.73325253187596062  0.74079605639116808
  0.74857805634117724  0.75648644467294512  0.76437278371435990  0.77229304443268765
  0.78050046403741480  0.78897684589922767  0.79784473035196091  0.80684119399866117
  0.81581729731769115  0.82506582619866298  0.83455460776274926  0.84416759917154360
  0.85373934160985487  0.86336212897021192  0.87309793367321475  0.88318836982429016
  0.89364357441699727  0.90435651206604728  0.91530721777763258  0.92667166845098792
  0.93929269606441657  0.95405120123172305  0.97404199982395134  1.00000000000000000
  0.02544136151291772  0.15419868363938680  0.18853775840489123  0.21130803429850245
  0.22973678357650504  0.24580938689696538  0.26093507976370456  0.27512925541632260
  0.28816505583161456  0.30055020145962030  0.31246741982053861  0.32365801429021301
  0.33460208637859845  0.34555255187880834  0.35626052485273024  0.36623789313972344
  0.37559365873816697  0.38458621647882246  0.39358929041938584  0.40222576865344301
  0.41066710321158406  0.41905125622582162  0.42743086801236080  0.43579310646261349
  0.44401378374696615  0.45213900023703241  0.46019747259356647  0.46820385986449153
  0.47600527622744920  0.48342736342325521  0.49056813238233504  0.49761726385444582
  0.50452897624602500  0.51138481972089167  0.51831412665489740  0.52515288151141426
  0.53185634984927488  0.53843842380158446  0.54494461634171931  0.55140687936028199
  0.55781878700872511  0.56408624639557470  0.57007747412283427  0.57616391286728508
  0.58231571961303075  0.58846696979214330  0.59466510124972338  0.60082095446445749
  0.60690707642188035  0.61281433957193909  0.61858124214948007  0.62424924994831865
  0.62984187762475885  0.63539507806644968  0.64090631593852254  0.64640764699058850
  0.65187838312711888  0.65736276296398533  0.66286893975000638  0.66837128936526513
  0.67390226858656055  0.67939175455625456  0.68474773993303450  0.68995449277103571
  0.69507988911441909  0.70026907097316349  0.70553274223576479  0.71083026349199563
  0.71605187926783764  0.72115747465362789  0.72625440261610352  0.73132912664260441
  0.73644258272209029  0.74153893111427294  0.74676858339365371  0.75210623954791411
  0.75777028825601223  0.76344315786756367  0.76907345884680411  0.77474136468063948
  0.78053235504439689  0.78646283323711386  0.79249558821175736  0.79858330367219599
  0.80467698077265026  0.81086389263789738  0.81766075018818818  0.82515220395681876
  0.83246824377849971  0.84020053203079159  0.84772769416648930  0.85717825624611110
  0.86933068962339655  0.88517599214349152  0.91344554114767851  1.00000000000000000
   2.3206823625669844E-007  -1.0000000000000000     
 T T T T T T T T T T T T T T T T F F F F F F F F F F F F F F F F F F F F F F F F F F F F F F F F T T T T T T T T T T T T T T T T T T T T T T T T T T T T T T T T F F F F F F F F F F F F F F F F F F F F F F F F F F F F F F F F T T T T T T T T T T T T T T T T
  <DiscreteSampler_grid>
  grouped_processes
  1 # 1 for a reference and 2 for a running grid.
  10 # Attribute 'min_bin_probing_points' of the grid.
  1 # Attribute 'grid_mode' of the grid. 1=='default',2=='initialization'
  0.0000000000000000 # Attribute 'small_contrib_threshold' of the grid.
  0.5000000000000000 # Attribute 'damping_power' of the grid.
 # binID   n_entries weight   weight_sqr   abs_weight
    13   10   5.354612255234175E+002   1.167314112179102E+006   5.354612255234175E+002
    14   10   5.354612255234176E+002   1.167314112179104E+006   5.354612255234176E+002
    16   10   1.111063025761489E+003   4.967738017089788E+006   1.111063025761489E+003
    17   10   1.111063025761489E+003   4.967738017089793E+006   1.111063025761489E+003
    22   10   5.354612255234173E+002   1.167314112179102E+006   5.354612255234173E+002
    23   10   5.354612255234174E+002   1.167314112179103E+006   5.354612255234174E+002
    25   10   1.111063025761489E+003   4.967738017089790E+006   1.111063025761489E+003
    26   10   1.111063025761489E+003   4.967738017089793E+006   1.111063025761489E+003
    31   10   5.354612255234175E+002   1.167314112179102E+006   5.354612255234175E+002
    32   10   5.354612255234176E+002   1.167314112179103E+006   5.354612255234176E+002
    34   10   1.111063025761489E+003   4.967738017089787E+006   1.111063025761489E+003
    35   10   1.111063025761489E+003   4.967738017089790E+006   1.111063025761489E+003
    40   10   5.354612255234173E+002   1.167314112179102E+006   5.354612255234173E+002
    41   10   5.354612255234174E+002   1.167314112179103E+006   5.354612255234174E+002
    43   10   1.111063025761489E+003   4.967738017089787E+006   1.111063025761489E+003
    44   10   1.111063025761489E+003   4.967738017089790E+006   1.111063025761489E+003
  </DiscreteSampler_grid>
