  0.02429449482191941  0.03203232074900090  0.04182256158034204  0.05124031283599174
  0.06068688582601289  0.07017317348827078  0.07985993262449494  0.08958503003133646
  0.09953670498289982  0.10996274685206175  0.12057396124788392  0.13080879894062297
  0.14068026671451053  0.15103932038113452  0.16236443195106842  0.17361510730232521
  0.18476985102702612  0.19605402322608398  0.20710241186302375  0.21770135809143856
  0.22820165495882822  0.23871159749435883  0.24897210493601471  0.25906512283286287
  0.26923281386772718  0.27909184791956620  0.28906891271767904  0.29893177150641220
  0.30886197073497063  0.31847137947325843  0.32762384493215785  0.33676396271557435
  0.34666174423827800  0.35688513288671392  0.36742960305896927  0.37771345149347013
  0.38795221857327811  0.39807751628171456  0.40817766452745863  0.41828070389771788
  0.42797639790352471  0.43749755575355387  0.44755742116234898  0.45748582960301892
  0.46826578042242073  0.47851249350690062  0.48973467668750154  0.50048588690459284
  0.51112343190824749  0.52142817788732365  0.53143081875318343  0.54175008381625489
  0.55222298731041464  0.56272472640699578  0.57285403969176985  0.58279375478148121
  0.59267775826056945  0.60252839469277930  0.61231041963246735  0.62193637476266339
  0.63161117178887449  0.64120597796138279  0.65101797776308379  0.66106136627728718
  0.67149442240015622  0.68239033532827265  0.69306511881323662  0.70380905768570745
  0.71442306320172266  0.72503283027322618  0.73513183571219454  0.74497913977729602
  0.75521226653653695  0.76548562485876559  0.77575622696783442  0.78593570372811028
  0.79619901933474602  0.80663548558290898  0.81712855030780518  0.82756502831476075
  0.83798812304472214  0.84850823329734260  0.85925626401306399  0.87019318743592633
  0.88098635549265036  0.89150678866886846  0.90153769235196313  0.91115799474555048
  0.92066189583536306  0.93016526767765317  0.93966868464254572  0.94903033314233942
  0.95808750878749471  0.96671774217695239  0.97072519049834749  1.00000000000000000
  0.03092688746197304  0.03594285643095687  0.04455036290417032  0.05502494702464460
  0.06597363669624376  0.07704366305484996  0.08790046851390147  0.09860493556846907
  0.10931080341644428  0.11995384825614083  0.13059421807728766  0.14130574675011473
  0.15212592211458237  0.16287596259793988  0.17298585394517060  0.18290565658537680
  0.19284900250568351  0.20302085562076183  0.21283845955769734  0.22229344005245694
  0.23198435599773951  0.24184682726297599  0.25172903974286948  0.26149825279761957
  0.27127415294179263  0.28152756259199280  0.29188222899727939  0.30263982378727583
  0.31350470638002653  0.32433207408252956  0.33501549474133940  0.34500385160975788
  0.35441170174163011  0.36307260674621405  0.37180838217961631  0.38113954700090413
  0.39078689494191871  0.40039123698857843  0.40972338450609291  0.41929612865850913
  0.42928426825167693  0.43947802303135236  0.44977231641942894  0.46006010244501339
  0.47065859422295170  0.48144597780935805  0.49247583571745834  0.50303412585636054
  0.51304368708006554  0.52272264739780527  0.53254482742140663  0.54220286787267458
  0.55198149915719108  0.56157917427517778  0.57165758803001265  0.58158440092879882
  0.59156028517383819  0.60158846278359313  0.61165166809713456  0.62173112651249962
  0.63164244231320743  0.64152988590913862  0.65139845447862577  0.66141137508065939
  0.67162672283134561  0.68196034045167986  0.69177490883661341  0.70120351214226051
  0.71044810847646234  0.72009285795487965  0.72999416326457578  0.74044563049292456
  0.75079186995250025  0.76114830034325764  0.77153552383155433  0.78222568858550545
  0.79263279033014566  0.80231098382921595  0.81180431787296548  0.82165923539080832
  0.83190860902419683  0.84210364610507016  0.85203274329547884  0.86178703263943779
  0.87158188460558228  0.88140039786929114  0.89123279264657584  0.90124933387068895
  0.91134432564284995  0.92171077047045735  0.93279326263003004  0.94366811050708355
  0.95511555731249231  0.96424756034045056  0.96894168569164307  1.00000000000000000
 -0.00003724744168628  0.00034912351062263  0.00085417547306137  0.00157575309485645
  0.00253244266721676  0.00369991962838299  0.00503161309661106  0.00654343064232062
  0.00829341168857496  0.01028725826213213  0.01238145811891188  0.01469786248504783
  0.01714492395729701  0.01964311695237775  0.02224600145459112  0.02496795569733348
  0.02789721297008099  0.03104185123461475  0.03439780617211612  0.03798355858259233
  0.04178820503588933  0.04572362080400018  0.04971759392280903  0.05374583836837775
  0.05790167165047849  0.06215798358370618  0.06660169836190304  0.07131411800303587
  0.07620281234688621  0.08126916980122421  0.08644058759820930  0.09161179798941828
  0.09675025096582610  0.10211654910057630  0.10763215035598299  0.11309397750238187
  0.11859811159918826  0.12422324585297635  0.12998154274511586  0.13585619057899040
  0.14196582274118283  0.14828386077464095  0.15477748337173119  0.16163396552488032
  0.16866645760926385  0.17573680893737290  0.18254246863102919  0.18942422173460363
  0.19673637871088068  0.20443051350670582  0.21229521407559765  0.22022779527282874
  0.22827490874820300  0.23656002369554163  0.24530340938170525  0.25445017649076546
  0.26386210009298489  0.27345269153919993  0.28321510190768012  0.29311563204098473
  0.30309301163096541  0.31313642324795565  0.32362180943477198  0.33422219611227177
  0.34495054587270957  0.35580792766252117  0.36678296551930450  0.37800655640829617
  0.38972829872364823  0.40192220022460923  0.41412034362409933  0.42767279999852542
  0.44161228857765839  0.45579041603303477  0.47076739696360981  0.48652535575424999
  0.50276742040647460  0.52004288580244939  0.53807477296525785  0.55694911746252473
  0.57712012945396163  0.59780674634149455  0.61925252082295446  0.64176493639042553
  0.66502428597456309  0.68910676942608295  0.71588532084543988  0.74339794251491098
  0.77245550027418342  0.80276398244294478  0.83418207405977496  0.86677991653968456
  0.89996679153741488  0.93320095354307320  0.96643974202364669  1.00000000000000000
 -0.00231214410531512  0.00888679844758691  0.01898886638738752  0.02933790247831031
  0.04011949115633506  0.05075421666874824  0.06144003192046781  0.07244800501434893
  0.08354962666007129  0.09441806913482677  0.10494334861763403  0.11524029514766244
  0.12546123819731647  0.13518803839898103  0.14490658320001465  0.15433921463363229
  0.16349521174575241  0.17300696753942352  0.18328585640470849  0.19357885776918343
  0.20398437929981381  0.21407724547870563  0.22425926259223636  0.23464800544057110
  0.24503377887967637  0.25520133190363853  0.26542964381773798  0.27611239786154673
  0.28700885747705829  0.29717773622052873  0.30683950330570692  0.31670688352466947
  0.32722438272677457  0.33791324803527445  0.34833141862715106  0.35846356749969127
  0.36809077911171872  0.37752577421189237  0.38707340819971514  0.39708756260033001
  0.40744086086026310  0.41764792832129544  0.42771857853680950  0.43793844354728406
  0.44842587822134899  0.45887188349748714  0.46930226499674160  0.48001465023926765
  0.49127972867517428  0.50303736011107758  0.51433370643081389  0.52510077603802874
  0.53546769999324073  0.54578471017888308  0.55623513726322837  0.56668618388255121
  0.57685913753101192  0.58702597379056021  0.59729083049882936  0.60778912586165157
  0.61840561751520717  0.62906756003948139  0.64000862040610140  0.65152824242039498
  0.66364829382874524  0.67585450677278480  0.68777292810247836  0.69966258383929059
  0.71142800775882065  0.72234336671755772  0.73314264000902729  0.74341494959497301
  0.75335146075037640  0.76326863003656453  0.77353353772801270  0.78434445120353136
  0.79506561074139337  0.80579504213430142  0.81653272759118400  0.82766790692596071
  0.83897675857515108  0.85047755250247281  0.86156642934720662  0.87204783863369117
  0.88255506816742035  0.89287224836731260  0.90281362435395740  0.91248768253997703
  0.92283558756620665  0.93364330180794186  0.94468053623129733  0.95584434291884579
  0.96719744874329261  0.97829566918676614  0.98907731176371660  1.00000000000000000
 -0.00234767426760719  0.00907765543218029  0.01917053409556281  0.02998059272280016
  0.04072830748756679  0.05170212772216420  0.06266783180778582  0.07376445782422551
  0.08433012077441623  0.09455647394549281  0.10475716255385703  0.11492244997887092
  0.12525776729074131  0.13577257226380338  0.14638367715112663  0.15691496128901936
  0.16711680454705624  0.17748602490409393  0.18788990594810090  0.19804086900330833
  0.20830378609920164  0.21886286414952733  0.22934304679428347  0.23944975505629534
  0.24943962727363095  0.25973410076090636  0.27037580354117174  0.28146793968283640
  0.29299414857635347  0.30486583561360114  0.31681396265651468  0.32892736649108656
  0.34001692311084403  0.35034555891019120  0.36107511756527999  0.37213395852601633
  0.38356393233043456  0.39443308061159310  0.40531830721880635  0.41574705763206393
  0.42559294045582952  0.43556541979630337  0.44602972536261570  0.45586829481170205
  0.46503783867595644  0.47381480070735099  0.48338153208183932  0.49363640483706100
  0.50379077359095470  0.51367323371286611  0.52363583364803223  0.53375549586595272
  0.54392237459548420  0.55425762370111364  0.56448981364058237  0.57487026164239774
  0.58535239551032536  0.59598615497181973  0.60644191482639054  0.61674230114653983
  0.62664881779638326  0.63627610674002866  0.64584517207980374  0.65603136649520455
  0.66657998185770018  0.67729482398566820  0.68786655210688186  0.69845130372859121
  0.70894620773695527  0.71932101057735165  0.72995006810147234  0.74036562342617163
  0.75052959571270994  0.76078902836456064  0.77126130674954352  0.78165329933518257
  0.79174119985576352  0.80187327379152917  0.81205004228926714  0.82238373315581459
  0.83283568353038273  0.84333821807634612  0.85394805098462878  0.86456572441702051
  0.87545328418863455  0.88655602870616967  0.89786212861470260  0.90843269414684313
  0.91957682080257019  0.93075694846263690  0.94175065709536077  0.95276462438906251
  0.96436408352383796  0.97644328526504576  0.98837161572317678  1.00000000000000000
 -0.00221121344732544  0.00982102251058304  0.01964817933265176  0.02998231704703741
  0.03996109903639068  0.04988286855653286  0.06040846963831194  0.07075933798854230
  0.08158558596123541  0.09169027975445622  0.10145022117249111  0.11181150697332176
  0.12196115002587792  0.13306886889594510  0.14431486239210206  0.15592256810345007
  0.16723185209776983  0.17818581512543641  0.18926251791910975  0.20024391813993511
  0.21119168102212682  0.22219932521701349  0.23341565112994692  0.24468908592773272
  0.25597569006243359  0.26736352303519778  0.27863013113739826  0.28953991131831430
  0.30011003422128896  0.31045639046052226  0.32042054216028809  0.33028395972325753
  0.34060718275819996  0.35121401086510984  0.36175064969780807  0.37226632468854215
  0.38253931249339246  0.39283171290019581  0.40306595421417346  0.41381077311336223
  0.42446760866098110  0.43471268640077865  0.44461084081283914  0.45438819492038451
  0.46432800958847309  0.47486674206303658  0.48585409815189917  0.49721453555070239
  0.50758907615698212  0.51782292273952435  0.52779519599354074  0.53785526335977796
  0.54814725418645671  0.55866926745561629  0.56925439854008864  0.57959422375644409
  0.58958886520326581  0.59974110548585913  0.61000679315878825  0.61984622351532892
  0.62923960439652926  0.63848984175841272  0.64811064587376643  0.65871244132553541
  0.66951881743920061  0.68037544026252927  0.69076778466753175  0.70075074348815924
  0.71049834042332327  0.72004755571997758  0.72994296750455567  0.74043369894473199
  0.75124788611056803  0.76292923136258617  0.77464460184603767  0.78628459319379962
  0.79774693905488181  0.80916907596843568  0.82102452906279866  0.83265862294093651
  0.84377154882038918  0.85497640257302499  0.86645803979196834  0.87774261529805242
  0.88801028212888355  0.89790287975343386  0.90736370460742000  0.91695033579335572
  0.92682221071342719  0.93717477962599249  0.94790452239856005  0.95843976160851674
  0.96918430717747239  0.97973696096308172  0.98994304785046672  1.00000000000000000
 -0.00194934467860631  0.00952234069546493  0.01862689159438963  0.02820097674487246
  0.03782723248501422  0.04761508499627973  0.05783366040922738  0.06833745408046243
  0.07898543867258527  0.08965546135367732  0.10040482632133575  0.11095718688373084
  0.12105450673440912  0.13122096601997710  0.14152001280295265  0.15219988763712974
  0.16277828567579644  0.17391067957528369  0.18521104522745238  0.19609234978907233
  0.20696066493111803  0.21815151488332377  0.22952086897030874  0.24060236455617567
  0.25172508613694849  0.26259950355788292  0.27323190708848710  0.28341684003513479
  0.29368112437879357  0.30401676341821821  0.31398142060029188  0.32370024316953661
  0.33343338263560185  0.34342788798971996  0.35356581515527324  0.36371691471800388
  0.37381606057536199  0.38402803805218694  0.39446530527196561  0.40510834421326064
  0.41588187838460994  0.42643869118880928  0.43687982454940699  0.44728974381247855
  0.45779521615687119  0.46808452809285489  0.47816449118241139  0.48826472567739720
  0.49812410331146478  0.50808156956496475  0.51773450302628887  0.52737203380139941
  0.53706988643907683  0.54682451284476929  0.55678034632625018  0.56656624240685927
  0.57691123405391753  0.58698941951340855  0.59783982061498364  0.60818586027585431
  0.61856913129909019  0.62889070774813027  0.63930157807990007  0.64969374845643979
  0.66011201608391779  0.67069574628357009  0.68137020005464544  0.69192635679583214
  0.70240582421125419  0.71323320273967117  0.72446712240440958  0.73572188743141553
  0.74665323717094478  0.75714452009619870  0.76772590717667588  0.77841451514180315
  0.78907668292548172  0.79969106169107640  0.81048686856038910  0.82192785768022780
  0.83356069406487721  0.84535060948071394  0.85704016872885869  0.86845406789815049
  0.87950979858322942  0.89042454438093388  0.90129976268304257  0.91219443333095873
  0.92393873359203615  0.93570184948593738  0.94765307386284747  0.95903991571730818
  0.96976414142839218  0.98001114183108873  0.98995885036831321  1.00000000000000000
 -0.00221014965326375  0.00841814193148186  0.01747768103045864  0.02737337861870657
  0.03699502083987712  0.04628165492769758  0.05584716162826516  0.06576286987427141
  0.07579199440404097  0.08562452557985668  0.09543254091255707  0.10516909606825395
  0.11487421559808142  0.12484720958879382  0.13544989795618051  0.14627106404286877
  0.15660996067068625  0.16666626434706600  0.17682831623672404  0.18700333214850867
  0.19703600437048621  0.20695699749153534  0.21693477670640002  0.22693081631303194
  0.23676689879201213  0.24652785129745214  0.25642067728755524  0.26657907017156340
  0.27706990440021773  0.28772506020699173  0.29829032594063831  0.30901893961335009
  0.31944246027730910  0.32958671974073589  0.33926583555837425  0.34875585626794786
  0.35837885659015251  0.36817591118697218  0.37797438733952932  0.38791687736337083
  0.39778843022844901  0.40780174335520331  0.41755316356674682  0.42721342899239118
  0.43690632772418408  0.44686007649481191  0.45692489947687404  0.46687998564235078
  0.47729729058446441  0.48823983597991066  0.49949527496760077  0.51033839947568194
  0.52113711188680811  0.53230688056517184  0.54373477933986603  0.55513144092806421
  0.56672672393418411  0.57849411194610778  0.59054466692822716  0.60252341454458569
  0.61406906562143970  0.62524714742398835  0.63596841166687301  0.64630498844694406
  0.65646290000444152  0.66663606072929005  0.67696610887403585  0.68747384379989185
  0.69845024394256827  0.71018170467597297  0.72241022705279612  0.73463006365159422
  0.74646557954882098  0.75749791333541205  0.76833406677017257  0.77916255439368620
  0.78995590888006750  0.80068981364529168  0.81149371826709116  0.82281434584665070
  0.83451841223293999  0.84638859066582006  0.85806317109467556  0.86904735532364241
  0.87945552836385521  0.88979931618948749  0.90042981591384164  0.91160731564545194
  0.92308148372042464  0.93454420289616380  0.94548826605819059  0.95612630324237746
  0.96693036397139687  0.97830600048191951  0.98909244791221984  1.00000000000000000
  0.04324013705168474  0.07562562713641240  0.08763926690981473  0.10074557913602555
  0.11285822301471139  0.12378220215178246  0.13356787963399222  0.14260472085454698
  0.15112696911101481  0.15933083875079526  0.16718234606007865  0.17461423774162435
  0.18168401321887709  0.18862293606538233  0.19537635463555308  0.20197041467590349
  0.20851042911667025  0.21514516341775569  0.22186515553275829  0.22850755282168272
  0.23538891342478530  0.24238180457166783  0.24929421164700888  0.25610185580954892
  0.26285727020389826  0.26991553222481401  0.27702253835877300  0.28425739040349818
  0.29131455724740790  0.29850690537016650  0.30584155326842644  0.31298461228853131
  0.31983676853621629  0.32652703710318787  0.33322731193527960  0.34007394544268388
  0.34711480119722932  0.35426628036002400  0.36134544706500538  0.36832877131210545
  0.37542304318134895  0.38290824685715202  0.39075382343561305  0.39839159112666195
  0.40568046512218064  0.41310071314628799  0.42089676795239145  0.42861188733551348
  0.43646181508381077  0.44426528087021150  0.45209583387930752  0.46021396690878996
  0.46861943299100678  0.47709001637504067  0.48552883695187321  0.49410628711966786
  0.50266593284210315  0.51123567985137364  0.51980513185880639  0.52805642613787207
  0.53618891100925081  0.54445077360799699  0.55283797760494957  0.56167680446640844
  0.57070282726625099  0.57958126761245310  0.58849955366005169  0.59759719697754787
  0.60711014777116878  0.61713022139866935  0.62720808752704993  0.63689415328581156
  0.64666939790475952  0.65678676854397255  0.66722053854767871  0.67809987135918715
  0.68923824139869494  0.70026688679959137  0.71092643816963863  0.72128950696746008
  0.73181854260898960  0.74248110117774213  0.75328397005567416  0.76448179160532792
  0.77637130599185422  0.78911682319942011  0.80269015765832907  0.81695479838147667
  0.83210062192054746  0.84766548571083311  0.86428663087400326  0.88199931277420440
  0.90183882802242621  0.92506946761340492  0.95472047240100910  1.00000000000000000
 -0.02030379639933261  0.14824702485792998  0.18735944506604249  0.21397532188240770
  0.23277047128957154  0.24975934113646170  0.26533328987053978  0.27943126867303736
  0.29271136114661817  0.30557731822144357  0.31838758350206120  0.33067545459307052
  0.34284692457173116  0.35462521242128087  0.36550099424849281  0.37560367202821859
  0.38532825966787998  0.39493959425118424  0.40427830550632909  0.41319947430952753
  0.42190860149067688  0.43071854009799249  0.43964856455915152  0.44853488241857176
  0.45716899742933687  0.46543825978238074  0.47341765803281810  0.48129812397482769
  0.48865848337205736  0.49598301011588192  0.50318316284235964  0.51055425914801544
  0.51805286125414352  0.52556972847306149  0.53293538232546733  0.54008306570307119
  0.54715815001018508  0.55390957235994254  0.56096913106007473  0.56759399573338820
  0.57429901429988917  0.58093090148125170  0.58734417260330907  0.59359249840778572
  0.59978160586223295  0.60574703616534764  0.61151502219088616  0.61710381970583728
  0.62256191372317993  0.62788892953275077  0.63335124383179076  0.63896786061604549
  0.64464852710530940  0.65032180049845723  0.65582822121078410  0.66110635211500757
  0.66631504527959828  0.67153424055789557  0.67678127985447922  0.68213766117589569
  0.68742433805914371  0.69272095135369427  0.69798789837760500  0.70330416562127740
  0.70861639626942041  0.71393483387164647  0.71902664213947332  0.72401167815910394
  0.72896676242737224  0.73396565720048157  0.73901516143191071  0.74402040326122565
  0.74892205106318066  0.75373290257797376  0.75856187216223359  0.76354770551855344
  0.76868690621132263  0.77383582610148605  0.77901269634742354  0.78438817177387665
  0.78985852652590671  0.79540543870143920  0.80095763727524549  0.80630329303793669
  0.81176929913690377  0.81770596190791767  0.82416123699617783  0.83097451700241431
  0.83780919138184140  0.84438771198859619  0.85097781171782372  0.85918737379151977
  0.86903718932827467  0.88248345707507647  0.97915615021525271  1.00000000000000000
   4.3849322300232685E-007  -1.0000000000000000     
 T T T T T T T T T T T T T T T T F F F F F F F F F F F F F F F F F F F F F F F F F F F F F F F F T T T T T T T T T T T T T T T T T T T T T T T T T T T T T T T T F F F F F F F F F F F F F F F F F F F F F F F F F F F F F F F F T T T T T T T T T T T T T T T T
  <DiscreteSampler_grid>
  grouped_processes
  1 # 1 for a reference and 2 for a running grid.
  10 # Attribute 'min_bin_probing_points' of the grid.
  1 # Attribute 'grid_mode' of the grid. 1=='default',2=='initialization'
  0.0000000000000000 # Attribute 'small_contrib_threshold' of the grid.
  0.5000000000000000 # Attribute 'damping_power' of the grid.
 # binID   n_entries weight   weight_sqr   abs_weight
    13   10   1.529940035969963E+005   3.548000562956973E+010   1.529940035969963E+005
    14   10   1.529940035969962E+005   3.548000562956973E+010   1.529940035969962E+005
    16   10   2.180426191941340E+005   7.286339066085194E+010   2.180426191941340E+005
    17   10   2.180426191941341E+005   7.286339066085201E+010   2.180426191941341E+005
    22   10   1.529940035969963E+005   3.548000562956973E+010   1.529940035969963E+005
    23   10   1.529940035969963E+005   3.548000562956973E+010   1.529940035969963E+005
    25   10   2.180426191941341E+005   7.286339066085196E+010   2.180426191941341E+005
    26   10   2.180426191941341E+005   7.286339066085204E+010   2.180426191941341E+005
    31   10   1.529940035969963E+005   3.548000562956973E+010   1.529940035969963E+005
    32   10   1.529940035969962E+005   3.548000562956974E+010   1.529940035969962E+005
    34   10   2.180426191941340E+005   7.286339066085196E+010   2.180426191941340E+005
    35   10   2.180426191941341E+005   7.286339066085202E+010   2.180426191941341E+005
    40   10   1.529940035969963E+005   3.548000562956975E+010   1.529940035969963E+005
    41   10   1.529940035969963E+005   3.548000562956974E+010   1.529940035969963E+005
    43   10   2.180426191941341E+005   7.286339066085199E+010   2.180426191941341E+005
    44   10   2.180426191941341E+005   7.286339066085202E+010   2.180426191941341E+005
  </DiscreteSampler_grid>
