  0.00000103256123968  0.00000105785770764  0.00000107612954628  0.00000108871360291
  0.00000110199016294  0.00000111612075326  0.00000113459178815  0.00000115658364277
  0.00000117456065122  0.00000119229557621  0.00000121482125348  0.00000123877833273
  0.00000126209212079  0.00000128531386374  0.00000130855688136  0.00000133815986148
  0.00000136366143773  0.00000139034819139  0.00000141488760862  0.00000144200153726
  0.00000147233589851  0.00000150859909512  0.00000154527309406  0.00000158149490728
  0.00000163078763717  0.00000169869341693  0.00000177488132503  0.00000184665514625
  0.00000191788438241  0.00000198865861656  0.00000205850596840  0.00000212606291884
  0.00000219448249177  0.00000226363359228  0.00000233442182979  0.00000241128955690
  0.00000250786144135  0.00000259443923614  0.00000268087183852  0.00000275289520999
  0.00000281668570774  0.00000288505051264  0.00000295804714716  0.00000303745551099
  0.00000311885157196  0.00000319811880171  0.00000327689186495  0.00000336844985682
  0.00000350100198927  0.00000364058621258  0.00000377698182421  0.00000391096307690
  0.00000404585861156  0.00000418975304561  0.00000434167675879  0.00000450965623210
  0.00000470053218458  0.00000487538184575  0.00000506417224500  0.00000525555373059
  0.00000545165381532  0.00000573384127533  0.00000604060584859  0.00000632566015525
  0.00000660172500245  0.00000691428875470  0.00000720985527706  0.00000753919612077
  0.00000792266521877  0.00000835575081862  0.00000885349495364  0.00000944549029669
  0.00001010187329110  0.00001083983745602  0.00001181073273608  0.00001296573068251
  0.00001425557182693  0.00001568147641656  0.00001716341035019  0.00001864097446658
  0.00002033706551236  0.00002247017332445  0.00002516289999319  0.00002843104696068
  0.00003221220275863  0.00003758679294466  0.00004529223342111  0.00005448524623032
  0.00006663665240986  0.00008968173110419  0.00012457775151561  0.00018298395959814
  0.00026054870247835  0.00049545819723035  0.03777015456758315  1.00000000000000000
  0.00000806257870723  0.00000981001170514  0.00001188969514586  0.00001403914845941
  0.00001588772934711  0.00001790989545248  0.00001993718673893  0.00002201672146794
  0.00002389157738946  0.00002642680772545  0.00002894198417859  0.00003175559772282
  0.00003469926254036  0.00003769078601016  0.00004048982363468  0.00004303044887488
  0.00004549877273821  0.00004810650355581  0.00005078690421769  0.00005364997371258
  0.00005688157299453  0.00005979350342973  0.00006238773534808  0.00006525033886797
  0.00006824104367884  0.00007125022673211  0.00007414384948125  0.00007673295387912
  0.00007915944661234  0.00008148906542538  0.00008393732722207  0.00008642513700706
  0.00008878736869818  0.00009118638755538  0.00009371042248094  0.00009625846909125
  0.00009893321643310  0.00010187618064180  0.00010517632656477  0.00010838745028436
  0.00011132391891272  0.00011408970362607  0.00011679486746170  0.00011943283863832
  0.00012198930825899  0.00012451306165760  0.00012702553481192  0.00012994718291354
  0.00013281034849340  0.00013534405245881  0.00013850333164573  0.00014260576663335
  0.00014723255435881  0.00015278817840398  0.00015898730226974  0.00016591948427441
  0.00017367907849516  0.00018245084883030  0.00019031519133757  0.00019869281747063
  0.00020759366692184  0.00021721137803565  0.00022798839833590  0.00024030114528292
  0.00025283719603843  0.00026621872509754  0.00027626944607246  0.00028411388836724
  0.00029255253347622  0.00030093445092497  0.00030899650048707  0.00031529011045823
  0.00032131494095278  0.00032720585456406  0.00033413320361191  0.00034309427686764
  0.00035669167370078  0.00037401059282318  0.00039458813169388  0.00042593787706638
  0.00047396641623649  0.00052442952498300  0.00057041556201088  0.00062812566997531
  0.00069057355602701  0.00076465788524717  0.00085624468898244  0.00094677950724957
  0.00104246499547330  0.00117311010578269  0.00137263894681092  0.00156953689864857
  0.00195853227064025  0.00293792866028256  0.08124512867797247  1.00000000000000000
 -0.00185755476006496  0.00798304936106157  0.01758173604358954  0.02646146483423419
  0.03590907246661479  0.04476231450600346  0.05241310739573703  0.05941620484223699
  0.06686120544346100  0.07582066804284079  0.08648263390372117  0.09666952938964887
  0.10808542998947873  0.12410895862110979  0.13758330133083030  0.15076538409047568
  0.16444446619642220  0.17813533405657916  0.19097808971972871  0.20392169057467485
  0.21733763044773943  0.23206236069430999  0.24626544721526966  0.25708720131377505
  0.26650691861174813  0.27765084689283276  0.28996961303418395  0.30345636694080724
  0.31776359312122032  0.33336595369450128  0.34569653987033128  0.35730752370625662
  0.36996469717165237  0.38581851455124078  0.39861998184691499  0.41257351225172617
  0.42239897588604136  0.43045324983414052  0.43907243629054066  0.44780387093282525
  0.45705114352023368  0.46579714118998655  0.47335008159077363  0.48260920117696410
  0.49614183050904165  0.51048594083080145  0.52472613108374866  0.53987414533928779
  0.54953493113979979  0.55866675189230353  0.56721227158943144  0.57645344460050130
  0.58789977863837617  0.59977123041753899  0.61217263873229866  0.62420176192998467
  0.63595065691984087  0.64869273055228038  0.66206628206108675  0.67559956327644222
  0.68894088188060287  0.70337012520608921  0.71705011427487686  0.72859668946525058
  0.73854716377806984  0.74860573812737852  0.75959991695607787  0.76872868613658030
  0.77739488952613900  0.78680262271410095  0.79533865637044832  0.80385244636222564
  0.81199108869464398  0.81967056823743556  0.82746316508788076  0.83634164562189195
  0.84572686879369008  0.85738173266167639  0.86701077789123693  0.87578598771853966
  0.88297141793425171  0.89012744152452106  0.89708831278742329  0.90466984680114981
  0.91427144631936819  0.92397099480641798  0.93286167433657108  0.93996785958659812
  0.94602446202805024  0.95079226829965624  0.95803817613117415  0.96425537809652073
  0.97076605805851668  0.97739567738211508  0.98813844595827882  1.00000000000000000
 -0.00239617333711266  0.01139347628227287  0.02281589828361525  0.03473107001207806
  0.04623135556542218  0.05785091407572564  0.06999521065074289  0.08298963648982224
  0.09568128781847815  0.10852893552169060  0.12095922090498303  0.13234790686718703
  0.14343819142208150  0.15326316506264590  0.16446348279015988  0.17452989716787645
  0.18450915368386581  0.19482220187634303  0.20504078214437993  0.21832083542075231
  0.23313234641279354  0.24730988795031342  0.26102513351698364  0.27424098906061167
  0.28558474494995489  0.29401311785449502  0.29992726687826210  0.30488855580229274
  0.31065942277075198  0.31753135102029373  0.32539997933350467  0.33346220520830444
  0.34014341739185205  0.34713193406826981  0.35582497497077953  0.36482618798936139
  0.37295284661682998  0.38040395257058662  0.38863685950384946  0.39721070246879231
  0.40587535299093253  0.41435090897009175  0.42609693370959489  0.43637702374581605
  0.44606337128926027  0.45557751133999536  0.46571394255776816  0.47599901791546784
  0.48663673270092694  0.49826993328662572  0.51119765669012951  0.52437665897336161
  0.53661986784994375  0.54793051824972039  0.55919951954610692  0.56950144429565563
  0.57894893058485997  0.58799124391109048  0.59800087773639332  0.60977231159995249
  0.62311173907497497  0.63483079412542454  0.64449092789321405  0.65354897971897119
  0.66283183018477310  0.67338285978762591  0.68477374642498035  0.69526558659389037
  0.70415126551280949  0.71289295283003717  0.72295718859193503  0.73581145033057149
  0.74924414448098409  0.76173032157473564  0.77447156569031661  0.78942535144068393
  0.80173002141608396  0.81386208434123131  0.82225621637672341  0.82870087853829488
  0.83524451150852841  0.84023040015577455  0.84524276960133060  0.85285900940918469
  0.86390402384871401  0.87800694334930751  0.89281020658488497  0.90742963171957547
  0.92058632180845035  0.93258567877270282  0.94395583445930864  0.95483157569232124
  0.96544131910237974  0.97623547376212572  0.98793344203425626  1.00000000000000000
  0.00290501637313507  0.01838415734328723  0.03078631746475699  0.04398189396945214
  0.05772022910831076  0.06959539804462446  0.07974395424017613  0.09052767265921810
  0.10211795100637598  0.11291977330283932  0.12236828258156406  0.13097549194310265
  0.13886043596702388  0.14616382208715267  0.15293290726575615  0.15899616943691736
  0.16447961863252736  0.17148840790049125  0.17829053235116529  0.18442333561462193
  0.19474148692718138  0.20501698675157892  0.21895827955113634  0.23316294946187804
  0.24695911789075536  0.25844693541213171  0.26549188194018591  0.27252820344497036
  0.27907816516777462  0.28498849562959649  0.29304246245583915  0.30344524202757950
  0.31451657792677334  0.32504706496032254  0.33522240813780768  0.34420611707173565
  0.35344895902842005  0.36352008317688539  0.37590064061433526  0.38699227948350773
  0.39992719786839237  0.41337501113310121  0.42687310277453316  0.43859892317895222
  0.44906278990274118  0.46003113082081531  0.47142017815940079  0.48224743060104658
  0.49246466818819878  0.50154138864013209  0.51097605288695314  0.52017599704105555
  0.53091823033934760  0.54268880824293497  0.55535520561794216  0.56812586425838252
  0.57935865353398419  0.59052275071362714  0.60191900193824011  0.61548144807645844
  0.62956215770966606  0.64417399487678406  0.65955752980146265  0.67253869921908060
  0.68396365120492431  0.69263926947636678  0.70172132242680019  0.71089756469094412
  0.72010774973294089  0.72979943756663679  0.74132354472140538  0.75318127246069788
  0.76707514021613010  0.78048357650577860  0.79258497284316876  0.80369927288526799
  0.81323345004536196  0.82261833441788845  0.83142433808027838  0.84118112487588625
  0.84996443702544389  0.85956421189042320  0.86915338083551053  0.87761073190347805
  0.88459236554221821  0.89246911810083185  0.89987142870535219  0.90781535590063622
  0.91526465738463259  0.92418129374171565  0.93102644400736712  0.93602331506193692
  0.94843891081002185  0.96217046309115106  0.97925862328389801  1.00000000000000000
  0.00213503762999750  0.01343216355273996  0.02122566412964330  0.03058214037023749
  0.04019193194083813  0.05192797263724335  0.06598878978234859  0.08038563182589173
  0.09121616023952861  0.10058564657510626  0.10974887726760113  0.11724903690907777
  0.12566393628036190  0.13397155188900811  0.14235554942894543  0.15263437752481904
  0.16197478966069209  0.17149748298027012  0.18127232709846622  0.19214651901850921
  0.20374815069213048  0.21488113339961093  0.22389127662013866  0.23110322156675417
  0.23807998721727588  0.24573322678659035  0.25596817663824445  0.26730969760082035
  0.27810153071367022  0.28873624908550771  0.30201775828330329  0.31499199296043601
  0.32730460443879794  0.33860791638500415  0.34920206164040102  0.36029734080815562
  0.37079443693514536  0.38229551828059982  0.39346585177867960  0.40337334574494871
  0.41372249620225693  0.42421269753519247  0.43325861800564341  0.44240210691358184
  0.45297733094928594  0.46264916358457875  0.47339773923559941  0.48661117238071100
  0.49779179446332528  0.50820817857426892  0.51795500354444479  0.52753398876795810
  0.53752973123139136  0.54926637370059350  0.56235026574353830  0.57678451173277412
  0.59138741997909750  0.60594229536391930  0.62044426527458441  0.63109759328375781
  0.64009204782152096  0.64945482236614227  0.65796412053701092  0.66547608054172469
  0.67305559051607466  0.68056482579682231  0.68788516954922607  0.69596379498954020
  0.70517703460213632  0.71437983868917909  0.72332734706492752  0.73372624591535296
  0.74756073731543871  0.76011257099667118  0.77241492791422850  0.78341164005177377
  0.79521825085796094  0.80779961747399454  0.81868173280046153  0.82801823766863303
  0.83650363579242093  0.84533759493960081  0.85489031322842857  0.86629742126273968
  0.87830350970525572  0.89022046201414051  0.90268814871908432  0.91434917881026700
  0.92526253573279671  0.93565822968466594  0.94600196426636518  0.95601727259700642
  0.96546549459979958  0.97619340179133218  0.98805391579239121  1.00000000000000000
  0.00209429837586924  0.01565395450944731  0.02543975210223949  0.03483114674838741
  0.03996287216132474  0.04509459757426208  0.05123909363469346  0.05989273359226251
  0.06709065814533076  0.07294268415528389  0.08069138731081470  0.08899870778998942
  0.09654763058898788  0.10515876232082756  0.11199803328547751  0.11942444297843124
  0.12798009072021385  0.13846045819056707  0.14865074115930024  0.15707106722834591
  0.16523551210261075  0.17430697928364966  0.18509440988596179  0.19439232085312555
  0.20268828699549940  0.20985829832657993  0.21849012397680628  0.22868118688690486
  0.24065602981831630  0.24999874267944738  0.25958565748893175  0.26923979967053724
  0.27928568509768076  0.29142185080669714  0.30237290700099084  0.31173837560215090
  0.32103134133672445  0.33131543768494559  0.34240216216071029  0.35496497335868527
  0.36877172778712264  0.38232811347971385  0.39549966617371268  0.40681125032905024
  0.41899705650612840  0.43215443606663184  0.44322988910938005  0.45195764742477740
  0.46060746623859389  0.46942757108288186  0.47966524072185684  0.49060613673694881
  0.50281777539424899  0.51811226523205489  0.53362824527597885  0.54995437038234607
  0.56648644482059851  0.58180072375294423  0.59700400909965978  0.61310533428183400
  0.62655710249894958  0.63821533952580933  0.64953539620293277  0.66256055571075734
  0.67568602705254932  0.68776045728948065  0.69972300818340594  0.71171851858423829
  0.72395737565050944  0.73571353737949752  0.74691562437479331  0.75853501994903239
  0.76799856105640085  0.77366891417388617  0.77981622807854822  0.78594716698923550
  0.79199555417721679  0.79759549791409312  0.80642639148576756  0.81550848581710256
  0.82287022218650507  0.82941451899846674  0.83729979217781914  0.84610830199022091
  0.85657373435105510  0.86597246712883746  0.88031875744429378  0.90161574743654294
  0.92142136703956035  0.93728187553698694  0.94878373310777631  0.95838251451503187
  0.96890322057597311  0.97846926182256877  0.98745796883781745  1.00000000000000000
  0.01319969295514358  0.01475376496824380  0.01630783698134402  0.01786190899444424
  0.01941598100754446  0.02101979735167439  0.02388624577170426  0.02675269419173412
  0.02961914261176399  0.03324587967638665  0.04345693472580235  0.05320034824184201
  0.06208728652377229  0.06716191797694471  0.07218454494749516  0.07726961238355062
  0.08383070847879535  0.09418017756537940  0.10369795824178578  0.11391671816272668
  0.12374270041350563  0.13303500648455505  0.14204039874011806  0.15179200647394453
  0.16306288445702558  0.17625092071069817  0.19027781917154080  0.20387586771698360
  0.21699512438817564  0.22985601375246068  0.24366576987006794  0.25587403356314181
  0.26735519251942708  0.27874174648690175  0.29381107078229751  0.30809218114701564
  0.32165699866125924  0.33442653435074882  0.34677079449598874  0.35771383171201993
  0.36638212234743650  0.37462384908450119  0.38298469027139137  0.39172922445864172
  0.40106704350732314  0.40998964890250100  0.41839999975495407  0.43020021717739421
  0.44356849736391485  0.45950842536159014  0.47445719702409606  0.48639062803682687
  0.49609822153302457  0.50736964603017576  0.51953300922012347  0.53122778269251569
  0.54290971867384175  0.55643010745488419  0.56895966067135262  0.58022221151049092
  0.59267753095708464  0.60629366837205179  0.62234397270602504  0.63877464866078915
  0.65356515915886026  0.66606394708792283  0.67492451959872612  0.68390708976584458
  0.69243534471944468  0.70170884436448322  0.71117680387466731  0.72108600758223296
  0.73104276265745860  0.74003835343337276  0.74838355872758400  0.75681199253455789
  0.76630540409707670  0.77922654286847315  0.79648020765124816  0.81212632672490070
  0.82526348225687030  0.83687268707928841  0.84866844365139338  0.86097456730239719
  0.87298839473900403  0.88480222201677294  0.89662916709879514  0.90652066037347723
  0.91608870026640843  0.92586160776222737  0.93525845228470084  0.94508840436244590
  0.95683441755537491  0.96944033440300148  0.98413993504569586  1.00000000000000000
  0.35101514385480598  0.37250098125809794  0.38156944343981608  0.38963837487048447
  0.40513159336051313  0.41374940286116096  0.41818518267572558  0.42406063777670489
  0.43152037211357730  0.44079214622606117  0.45540657947913332  0.46286116559622098
  0.46863232701758023  0.48628724459395561  0.57886887777586826  0.58927778094704963
  0.59251363366678078  0.59661159281942278  0.59885325934950207  0.60200181720699475
  0.60573070142534502  0.60835519313991648  0.61139160243992241  0.61499136579573377
  0.62048713598413108  0.62748631039698632  0.63166718179731696  0.63565220409106094
  0.63905394321221587  0.64290748197998449  0.64759578730829592  0.65321004640024405
  0.66441822599108913  0.67544770190640224  0.68993283979756204  0.69780942175331184
  0.70269229201160210  0.70831617304483230  0.71301570963623617  0.72752874494654241
  0.73377524059254362  0.73786240808645742  0.74204280029587122  0.75022728949614115
  0.76178041068868085  0.78889748088217848  0.79466061306757452  0.79919305309056798
  0.80375251453243479  0.80793730390151175  0.81170177014401879  0.82436696444532531
  0.83420498965830725  0.83930089268449459  0.84668007109126475  0.85348327033395055
  0.85903603267510664  0.86420496027132776  0.86933631701050096  0.87475160287738263
  0.88004383927799967  0.88493593414416649  0.88969536448413344  0.89450757453568863
  0.89993378187153583  0.90423755486021451  0.90919366811201707  0.91380276071435684
  0.91808028882438164  0.92328670364670629  0.93009778516310770  0.93740460411442450
  0.94347586900762637  0.94837347305185593  0.95256680370952551  0.95644820439511946
  0.96002985915605232  0.96299918405115348  0.96580044833787071  0.96862330755703985
  0.97146582853276031  0.97449126887935611  0.97750030899458962  0.98026181581213545
  0.98278841104980119  0.98535035890386968  0.98778399975299214  0.98998160993976569
  0.99190923365012729  0.99359735242556479  0.99501011934620531  0.99617615812866900
  0.99727269443343958  0.99820444273683906  0.99910885988748555  1.00000000000000000
  0.13463391033408881  0.14892934532854782  0.17854603777255953  0.20845755333949489
  0.23168644629015156  0.24983336530808281  0.26430672754126194  0.27765513457821683
  0.29091492356042520  0.30270690814211820  0.31444040790228711  0.32726469954130527
  0.33933690013360829  0.34936720606088650  0.35848580397683821  0.36893016246779048
  0.37951735767282929  0.38720591734977500  0.39441456176670936  0.40170783641328123
  0.40928193506594740  0.41649142786036197  0.42314487658668354  0.42935222307056414
  0.43563430813024989  0.44265432463869298  0.45037634201310089  0.45848918493890928
  0.46619811440053371  0.47373722274296215  0.48094387864090699  0.48741008789837276
  0.49511852562543263  0.50184766673994818  0.50734265610186380  0.51259384197850055
  0.51787322468234787  0.52330231304820962  0.52908890526737695  0.53570217801855524
  0.54219320587968367  0.54770126383981033  0.55358429993838665  0.56009061900676282
  0.56796307402511792  0.57364332821069786  0.57896239027382279  0.58411535899350109
  0.58917069255393395  0.59649584553084645  0.60362539933908621  0.61141399005964769
  0.61821000505235202  0.62436381183003276  0.63016159738292377  0.63671707593152127
  0.64306130782462767  0.64856394440208631  0.65443412009187074  0.65995049780460813
  0.66505784417557756  0.66991443890989155  0.67507518107673281  0.68039262841661940
  0.68560517114613484  0.69085756408235410  0.69585003821705704  0.70097051313200776
  0.70496741045530165  0.70838468865847004  0.71342841907734467  0.71804352362520296
  0.72275749860219163  0.72789713008741452  0.73413310360015527  0.74049109572901295
  0.74639732430500660  0.75266692545476521  0.75936137991184316  0.76617092614159266
  0.77334424992362616  0.77894823064653418  0.78488956943949040  0.79081377328563329
  0.79605698788071166  0.80242353573864245  0.80878651975084193  0.81715652775911163
  0.82435741474369129  0.83446763564557414  0.84766909034893401  0.87153581109774569
  0.89129266550489361  0.90371516661300011  0.91009886839642129  1.00000000000000000
   2.6207296784025109E-011  -1.0000000000000000     
 T T T T T T T T T T T T T T T T F F F F F F F F F F F F F F F F F F F F F F F F F F F F F F F F T T T T T T T T T T T T T T T T T T T T T T T T T T T T T T T T F F F F F F F F F F F F F F F F F F F F F F F F F F F F F F F F T T T T T T T T T T T T T T T T
  <DiscreteSampler_grid>
  grouped_processes
  1 # 1 for a reference and 2 for a running grid.
  10 # Attribute 'min_bin_probing_points' of the grid.
  1 # Attribute 'grid_mode' of the grid. 1=='default',2=='initialization'
  0.0000000000000000 # Attribute 'small_contrib_threshold' of the grid.
  0.5000000000000000 # Attribute 'damping_power' of the grid.
 # binID   n_entries weight   weight_sqr   abs_weight
    13   10   2.612983547410588E-004   6.301596695524742E-007   2.612983547410588E-004
    14   10   2.612983547410589E-004   6.301596695524744E-007   2.612983547410589E-004
    16   10   3.050014616954182E-004   7.932240413702932E-007   3.050014616954182E-004
    17   10   3.050014616954183E-004   7.932240413702937E-007   3.050014616954183E-004
    22   10   2.704732274158493E-004   5.416982301877065E-007   2.704732274158493E-004
    23   10   2.704732274158494E-004   5.416982301877065E-007   2.704732274158494E-004
    25   10   3.280430988381715E-004   8.474111030298266E-007   3.280430988381715E-004
    26   10   3.280430988381716E-004   8.474111030298266E-007   3.280430988381716E-004
    31   10   2.704732274158491E-004   5.416982301877059E-007   2.704732274158491E-004
    32   10   2.704732274158493E-004   5.416982301877065E-007   2.704732274158493E-004
    34   10   3.280430988381715E-004   8.474111030298266E-007   3.280430988381715E-004
    35   10   3.280430988381716E-004   8.474111030298266E-007   3.280430988381716E-004
    40   10   2.612983547410589E-004   6.301596695524750E-007   2.612983547410589E-004
    41   10   2.612983547410589E-004   6.301596695524744E-007   2.612983547410589E-004
    43   10   3.050014616954182E-004   7.932240413702932E-007   3.050014616954182E-004
    44   10   3.050014616954183E-004   7.932240413702937E-007   3.050014616954183E-004
    49   10   2.612983547410589E-004   6.301596695524744E-007   2.612983547410589E-004
    50   10   2.612983547410589E-004   6.301596695524750E-007   2.612983547410589E-004
    52   10   3.050014616954182E-004   7.932240413702932E-007   3.050014616954182E-004
    53   10   3.050014616954183E-004   7.932240413702940E-007   3.050014616954183E-004
    58   10   2.704732274158491E-004   5.416982301877056E-007   2.704732274158491E-004
    59   10   2.704732274158493E-004   5.416982301877059E-007   2.704732274158493E-004
    61   10   3.280430988381715E-004   8.474111030298264E-007   3.280430988381715E-004
    62   10   3.280430988381716E-004   8.474111030298266E-007   3.280430988381716E-004
    67   10   2.612983547410589E-004   6.301596695524750E-007   2.612983547410589E-004
    68   10   2.612983547410589E-004   6.301596695524744E-007   2.612983547410589E-004
    70   10   3.050014616954182E-004   7.932240413702932E-007   3.050014616954182E-004
    71   10   3.050014616954183E-004   7.932240413702940E-007   3.050014616954183E-004
    76   10   2.704732274158493E-004   5.416982301877063E-007   2.704732274158493E-004
    77   10   2.704732274158493E-004   5.416982301877065E-007   2.704732274158493E-004
    79   10   3.280430988381716E-004   8.474111030298271E-007   3.280430988381716E-004
    80   10   3.280430988381717E-004   8.474111030298271E-007   3.280430988381717E-004
  </DiscreteSampler_grid>
