 -0.00260881884440739  0.01304153556024194  0.02531694288787956  0.03699139737876933
  0.04857815375770901  0.06088804732135382  0.07252815676489729  0.08364355094375944
  0.09414981986343302  0.10498322187397179  0.11619208717963908  0.12771686215839778
  0.13970550474937499  0.15226173008983812  0.16450777982633374  0.17671532993976186
  0.18873373363015666  0.20057293384847313  0.21232064853253402  0.22429812084837941
  0.23639070790966982  0.24837946202241892  0.25894352169239199  0.26931583095812084
  0.27964386530012475  0.28943338167182781  0.29962334361826137  0.30949990014679118
  0.31975079970137571  0.33068241060652798  0.34187832115942601  0.35207731056406860
  0.36139613307541341  0.37035859925725012  0.37988639181676270  0.39005402836472830
  0.40063490798526497  0.41132688905388981  0.42194748832767326  0.43259590201122305
  0.44327935270258872  0.45399864947149077  0.46484011162225791  0.47539697960735200
  0.48558078745127020  0.49574445364996511  0.50622395252098240  0.51680222851788293
  0.52720283870971796  0.53781869276827543  0.54872369674335697  0.55930817641077679
  0.56945414122047056  0.57960435531293930  0.59011572401385048  0.60058360653626697
  0.61083536144183781  0.62114172336520634  0.63266703666820823  0.64503616709081124
  0.65664852866097689  0.66746365685732501  0.67817577930015593  0.68901776903469314
  0.69986192608165265  0.71058184682418335  0.72108741724459902  0.73122886045732738
  0.74135040768506966  0.75141659390668214  0.76129713522706788  0.77109010598758487
  0.78106018514554343  0.79126319973263370  0.80137128077586239  0.81153169568923367
  0.82206388778987638  0.83283716111015194  0.84278617286343516  0.85222874633925516
  0.86151614911803498  0.87040743477910332  0.87911093693239317  0.88799182872508586
  0.89761976214904948  0.90762012013834914  0.91790436845246892  0.92802937577230593
  0.93821993597067643  0.94824636345962188  0.95855650197268982  0.96860687478104301
  0.97754344021502171  0.98551405890499610  0.99278890111392759  1.00000000000000000
 -0.00507922595107292  0.02655938699999986  0.04584886369423358  0.06097706133962685
  0.07465271981756376  0.08743508997964103  0.09964266471635526  0.11135375063493629
  0.12241610258857870  0.13295594739249622  0.14279597371101990  0.15241344037959409
  0.16198079452355102  0.17165705859466526  0.18183357169008108  0.19241038248209905
  0.20321211676514084  0.21397349308677466  0.22445963997078397  0.23484072926224958
  0.24526957124542717  0.25593138389131842  0.26654656388351550  0.27686094956362917
  0.28686941738574090  0.29736357318242251  0.30861079692403176  0.31988603942007104
  0.33109443471861755  0.34241241136319689  0.35416131651507682  0.36668272457881362
  0.37832242760094292  0.38946069767327757  0.40031736161931664  0.41134614877277031
  0.42241159169044978  0.43366914658986627  0.44517895465671425  0.45658081362022351
  0.46739159820035486  0.47802286538363098  0.48801765483212523  0.49850698149098588
  0.50919315175387359  0.51965500042196200  0.52944322081913930  0.53833721603434304
  0.54647812564713327  0.55505970692432449  0.56395909797160448  0.57333322820629107
  0.58285309409823127  0.59263021406674532  0.60335100604120118  0.61478055928084407
  0.62604986356560766  0.63648751728901320  0.64671918115163729  0.65726636126528193
  0.66842109406550743  0.67990226927352537  0.69104788660877681  0.70189989840179190
  0.71258595126371038  0.72285688114711100  0.73255153318249455  0.74183587285671626
  0.75128433682438067  0.76146341727723654  0.77213362953036779  0.78322183452185457
  0.79469614856741266  0.80600922965445532  0.81709084313573699  0.82809782864205628
  0.83876604865638194  0.84939591564541350  0.86061226528957691  0.87197854382864304
  0.88221550622248968  0.89140377360494860  0.90015532176166724  0.90972872807454130
  0.91939543503248378  0.92934960601238670  0.93929904887476678  0.94903253393557852
  0.95805936158441973  0.96558246904801159  0.97332929219834019  0.98074207268603131
  0.98721337797699016  0.99187311028382119  0.99608462067282111  1.00000000000000000
  0.00000215049070282  0.00000517747954673  0.00000635004450710  0.00000725417981679
  0.00000817567823839  0.00000912868133977  0.00001019107558030  0.00001138822955354
  0.00001262715407936  0.00001392885963661  0.00001531968088134  0.00001687637482258
  0.00001866261571597  0.00002065275716766  0.00002273848707809  0.00002498441370633
  0.00002751840645338  0.00003033592272739  0.00003352907954425  0.00003719712126652
  0.00004152589837045  0.00004645721960626  0.00005162902938712  0.00005681493473066
  0.00006207031523364  0.00006746845065177  0.00007292088927200  0.00007822399229641
  0.00008348809988301  0.00008891039873769  0.00009478267475264  0.00010115447682551
  0.00010787579184807  0.00011484118543529  0.00012201724373225  0.00012944342097541
  0.00013714355848613  0.00014505426870329  0.00015298451691769  0.00016084770644866
  0.00016880696292562  0.00017693083419328  0.00018620727803726  0.00019707023079818
  0.00020894538941395  0.00022149260250982  0.00023427214426022  0.00024780732179389
  0.00026210713647014  0.00027677197778784  0.00029211128490827  0.00030868678512094
  0.00032739619189972  0.00034773683317401  0.00036961706327289  0.00039398758489771
  0.00041989049055041  0.00044528969883272  0.00046797618292548  0.00049683555128530
  0.00052543358336855  0.00055601103887080  0.00058663115884265  0.00061838809969139
  0.00065227910964150  0.00068870830321021  0.00073202009693625  0.00077872097674648
  0.00083132995480907  0.00089721568338509  0.00097487829468673  0.00106031502831061
  0.00116991539883400  0.00129785306290717  0.00142385615241357  0.00154781404594631
  0.00167913077245874  0.00180381777529804  0.00192426353120923  0.00206112390676494
  0.00217867623183811  0.00228004669391698  0.00237386639281560  0.00247151555330250
  0.00259966300768261  0.00281563776074093  0.00315336495213939  0.00336182813628094
  0.00351642788785025  0.00365473660475895  0.00374823798282577  0.00382680695165746
  0.00404715435930752  0.00446365950997757  0.00505387345067751  1.00000000000000000
 -0.00174120909480803  0.00526238888713579  0.01153078774758497  0.01752023333155287
  0.02369365148135069  0.03092349627369257  0.03784409432064977  0.04505141175850384
  0.05270864791195909  0.06104766348653765  0.06958202535442609  0.07802714053308298
  0.08593257193349861  0.09366922306592992  0.10145213096602161  0.10950466475456130
  0.11799500805258871  0.12652763392240218  0.13463401049063939  0.14230674514859026
  0.14974980391568157  0.15732026697265314  0.16525926867699392  0.17326721371562118
  0.18119909061128203  0.18921313943694151  0.19728578418570947  0.20517165994589032
  0.21195550282019301  0.21930437944970183  0.22653947850550940  0.23387174948939307
  0.24123067172342391  0.24840662332600813  0.25564366372875613  0.26320607839331217
  0.27100801847397421  0.27913966602625256  0.28720189057286616  0.29561711828565662
  0.30400299493472843  0.31241231053777829  0.32116734233536820  0.32996167382649527
  0.33938790646758626  0.34818887344286387  0.35641973142871813  0.36435076142567691
  0.37204521121378986  0.38006536241285949  0.38833054612454920  0.39719258241757721
  0.40610630942767934  0.41510774710029141  0.42370143254329429  0.43214385444634706
  0.44077358990472215  0.44993787756840437  0.45935371166669126  0.46840161923022544
  0.47762243147330025  0.48710784763881765  0.49658227334879768  0.50607513827567729
  0.51584853674258835  0.52618309269663843  0.53732140193954037  0.54823145523280759
  0.55866135298753306  0.56871338381413639  0.57899983408359623  0.59025500243724149
  0.60233610712815677  0.61441818342632382  0.62628632248495975  0.63825803905002110
  0.65062741612153363  0.66357557249904975  0.67710776046291887  0.69087100722140737
  0.70459550172275065  0.71884480830954745  0.73429598558542630  0.75066756466188178
  0.76679031833192413  0.78212552626587872  0.79733611248687952  0.81448428353237146
  0.83300509146224022  0.85037416541587418  0.86817772907393109  0.88842398197416350
  0.91207418652537553  0.93772414023515160  0.96686722498852951  1.00000000000000000
 -0.00186256341105533  0.00802270233494160  0.01792988063782115  0.02809551094421441
  0.03848448145734164  0.04845128338630438  0.05831303305479668  0.06826234937408771
  0.07856600206773759  0.08942368582355224  0.10016787788401703  0.11020862263686432
  0.11994701700170254  0.13006126107210431  0.14047398449384840  0.15066626182293472
  0.16053609973252966  0.17075446518925569  0.18141639426287939  0.19217339746422965
  0.20264359719742914  0.21325393704703591  0.22404725094279004  0.23471821788944355
  0.24527978919360049  0.25597478485986097  0.26716185722065905  0.27834378175983093
  0.28881563059250720  0.29841108072292966  0.30763917681447084  0.31750954004008669
  0.32725543457676182  0.33665518268727290  0.34615017021462680  0.35607389678462831
  0.36628098772085138  0.37581855716445928  0.38524384283850288  0.39484213451226963
  0.40530232017526013  0.41557626007251380  0.42580749872484419  0.43636943538767675
  0.44787660989120703  0.45961599983828610  0.47095400753775624  0.48173289046454176
  0.49225509706084980  0.50318562205588191  0.51391002916788908  0.52478922223149560
  0.53519014093785766  0.54503630484794519  0.55485000802155715  0.56529648041358693
  0.57657964755439217  0.58807528273954213  0.59908148291102692  0.61014216135297505
  0.62134568217857489  0.63218772895242559  0.64295489151057117  0.65359392998640753
  0.66418197638711407  0.67466633844897050  0.68449276337861986  0.69397581827025201
  0.70358952719263446  0.71394536657724050  0.72549873425787215  0.73702607554482180
  0.74833733051476259  0.75939157263283374  0.77053492202658513  0.78174661757744823
  0.79303472183555512  0.80471006316796889  0.81565751893086824  0.82618164461234467
  0.83674061609893180  0.84718803374341956  0.85749977805447708  0.86744678762601823
  0.87798476007760673  0.88916340034742247  0.90066761827131592  0.91238146869789372
  0.92341417527111269  0.93403693190787807  0.94473539907169701  0.95576944263138575
  0.96712409533380006  0.97771401933599944  0.98897429907518430  1.00000000000000000
 -0.00169940547216437  0.00689282819277173  0.01337729940955127  0.01932864736778720
  0.02558598719024884  0.03208226376942348  0.03903474472084809  0.04636826490042291
  0.05370003822625566  0.06100241658372933  0.06816209188741948  0.07499679755987551
  0.08180172148022086  0.08893867567879275  0.09644257702721187  0.10425314797671108
  0.11222013056175047  0.12009604112554716  0.12774077402204770  0.13544440400026053
  0.14296968106420313  0.15064559935480226  0.15840432660920650  0.16608173806951032
  0.17370831732007574  0.18117747486426888  0.18872129179672464  0.19653446351283560
  0.20428616565265037  0.21207309290746962  0.21956023118538512  0.22656899788968618
  0.23381957976218617  0.24095403416815667  0.24881246141552010  0.25715565783842897
  0.26531994816595139  0.27363571000229520  0.28181801545118734  0.28977376459745968
  0.29739260632438497  0.30473838500713996  0.31247005960195229  0.32084213389196098
  0.32909931538093634  0.33713855948454641  0.34511829150552553  0.35347297321358145
  0.36231913979286839  0.37131057023717040  0.38022684455939953  0.38926296527752446
  0.39836531895697552  0.40765987794753333  0.41704326884284260  0.42621583624960463
  0.43577887663007570  0.44596616862251603  0.45578684216595555  0.46479431496352841
  0.47368057534792446  0.48252134425980908  0.49162854244158033  0.50107407828894313
  0.51123305964743704  0.52202713774275655  0.53293335206463099  0.54395949263110188
  0.55526249929786753  0.56649328358607942  0.57733532002320320  0.58777076844023757
  0.59773003248228662  0.60745461317390526  0.61758076441940135  0.62842335970005381
  0.64060182346891648  0.65377716512578887  0.66738089103351261  0.68121708070957321
  0.69514974438669530  0.70975225039715473  0.72555856203400193  0.74246186493549027
  0.75940711011654904  0.77574752491357180  0.79272661583254100  0.80959938690869970
  0.82738521351686545  0.84632624885069696  0.86696528051265520  0.88870313656631661
  0.91261236057640771  0.93948732632396226  0.96846418300596893  1.00000000000000000
 -0.00213744161996619  0.00926281978061429  0.01963235183510319  0.03018671596487974
  0.04035026678210238  0.05086039600452379  0.06147571383690377  0.07296046267193611
  0.08421576448001189  0.09530925606056605  0.10619169311425246  0.11700542485929706
  0.12791094052740462  0.13881965586971753  0.14925614950213467  0.15977691885393228
  0.17005454538666870  0.18055268375660974  0.19067341801741355  0.20077835073711192
  0.21054667204071406  0.22002158227407465  0.22959143017858957  0.23932103403589977
  0.24923370582206825  0.25894772468640237  0.26909850858422818  0.27985404734959252
  0.29124396630010396  0.30285202739214517  0.31406491385052582  0.32471946445127015
  0.33454065988204534  0.34399987433486112  0.35356219951488937  0.36356495605911360
  0.37306283094346976  0.38303455703915473  0.39365213339149935  0.40417478157693276
  0.41463293360421682  0.42512977828319076  0.43586011402965980  0.44646991124391139
  0.45633657662506694  0.46580558672206240  0.47551396661128803  0.48555763655343964
  0.49622243007802619  0.50638981068578415  0.51616167336792695  0.52610159231510656
  0.53611193441365390  0.54622751039203521  0.55647116038419697  0.56722983339452038
  0.57789706122893869  0.58794923153999656  0.59862378790383541  0.60981634824045838
  0.62194177594206379  0.63432824032217927  0.64677543866790443  0.65845906033689461
  0.66937102948118021  0.67978598305053439  0.68979554613630867  0.69982182488990441
  0.71024814049968343  0.72075318938995270  0.73072228591810129  0.73962738354782009
  0.74869990329114666  0.75859899865505998  0.76897510746522135  0.78014281686876696
  0.79155100343455764  0.80268053070150214  0.81391225658430000  0.82501674632315025
  0.83557790556570155  0.84523325285099715  0.85529570545341060  0.86594559753277156
  0.87679149078513241  0.88750964926465048  0.89845189442208340  0.90940336782608922
  0.91997010765893472  0.93104995705661331  0.94266103863355954  0.95539449918307473
  0.96715769480325209  0.97835381480157513  0.98925729212930691  1.00000000000000000
 -0.00231424857810558  0.01054307584900082  0.02074408188689846  0.03037116236877305
  0.03944215368870926  0.04899651559751440  0.05891718163640098  0.06909819996993420
  0.07926683255331793  0.08964253917076011  0.10100172009482104  0.11212612891001587
  0.12280800174411173  0.13225224368872129  0.14192541026230313  0.15200761908940916
  0.16314088666415894  0.17422040406578376  0.18553369538624256  0.19682015710852338
  0.20772055035120904  0.21799095846287458  0.22861384994653980  0.23946363820830632
  0.25004764615598168  0.26004219000482842  0.26970455979734859  0.27975572531396892
  0.29036537445341387  0.30066664929915693  0.31075023843763477  0.32064842876017052
  0.33073689970390718  0.34105321418956341  0.35114025923127512  0.36157957321452977
  0.37209893407023759  0.38300493003335628  0.39399440653136275  0.40542343528509234
  0.41610864607790155  0.42617574653602136  0.43641295639822225  0.44710655615286038
  0.45846025199243079  0.46933130399798695  0.47961953093015613  0.48837920577984073
  0.49723457578371877  0.50511723603997161  0.51424037155882529  0.52396105735253462
  0.53536063175330484  0.54695556847136839  0.55763392823945357  0.56788154974294469
  0.57742824130934822  0.58701212792934976  0.59691824032474783  0.60782181439862815
  0.61946626526240445  0.63063578026451383  0.64098121271160846  0.65112362664238499
  0.66139942311135203  0.67179588464447293  0.68223741042676733  0.69324734568548696
  0.70468559084704863  0.71566004615125611  0.72653269424166056  0.73737092736908805
  0.74772766161103354  0.75715519487878247  0.76670690814449605  0.77658840393320216
  0.78752831107757004  0.79888920511256734  0.81066730159632749  0.82282177297629044
  0.83421226766152889  0.84523563561541026  0.85612759147710438  0.86734092101104443
  0.87860874492361551  0.89017346293414812  0.90158174147490899  0.91274487028454721
  0.92335158905548065  0.93384569473118606  0.94445952508385922  0.95556034251561728
  0.96669545406633228  0.97783638458953348  0.98896195276026133  1.00000000000000000
 -0.01460555877184446  0.10850187276527748  0.18435878907248471  0.22585268333177855
  0.24830610796050856  0.26377073651098498  0.27614864423719837  0.28694161653292360
  0.29686802681926228  0.30621121182689598  0.31498771926357921  0.32346014016105989
  0.33165657030426965  0.33957740267842890  0.34735004225555660  0.35518718372284375
  0.36330268136982424  0.37136696291655646  0.37911735208845770  0.38668587848590891
  0.39435988564575836  0.40208838239698746  0.40994380783632645  0.41756732362267629
  0.42454438302836167  0.43149225781490780  0.43788555235371657  0.44411495264011686
  0.45029605150847890  0.45683960331016937  0.46361021863527274  0.47064298320744374
  0.47763207520260298  0.48412957293811648  0.49082813900262778  0.49723482441610672
  0.50395920544890738  0.51063806757181385  0.51727733178692936  0.52416453815675734
  0.53130429601127849  0.53844371131785362  0.54546931756500261  0.55244474225407114
  0.55943418931126254  0.56637298847629924  0.57325366677873835  0.58008133788723260
  0.58696231693236955  0.59340436615161918  0.59986856589086435  0.60619624412846140
  0.61263760988015625  0.61918129679995360  0.62592312034771680  0.63260882156622977
  0.63928875376231831  0.64569498129599212  0.65282773152158746  0.66050752244524147
  0.66843229705031726  0.67662333684774967  0.68428676809343947  0.69146962492660791
  0.69834941238389425  0.70561615834900382  0.71363690089973009  0.72148739381021543
  0.72876805808168499  0.73649662088516754  0.74434102570358396  0.75290187384024265
  0.76107601714813689  0.76888519692742130  0.77655945834148954  0.78430672092278442
  0.79184721960878701  0.79944066620293186  0.80759026690154123  0.81530890956050528
  0.82353019412260853  0.83180959019334599  0.84062912349432539  0.84990081728602795
  0.85954631082970157  0.86932157563311530  0.87968784988119275  0.89114635739546921
  0.90318319356356858  0.91520325864180907  0.92718765736773034  0.93994230060343120
  0.95259780222186086  0.96430201435365703  0.98012182539039372  1.00000000000000000
  0.11225575765104301  0.17041113607085492  0.20266359298240255  0.22331937271431962
  0.24056853838061473  0.25523364571743878  0.26773297151261649  0.27940900606466684
  0.29085343427081461  0.30253933011978529  0.31426251519020437  0.32549290030446115
  0.33619085589863568  0.34576675603042462  0.35516025973548221  0.36430493835206718
  0.37365636414090153  0.38266524241852845  0.39138463919653282  0.39980759176032443
  0.40840433859330977  0.41710022802600727  0.42533767467939010  0.43314615812965379
  0.44069647860394051  0.44799232656776183  0.45498950464268689  0.46206722205367812
  0.46900312950274131  0.47606113294360186  0.48292326141019754  0.48983978520922200
  0.49695369800254652  0.50418396897997164  0.51141467649970462  0.51864328342357713
  0.52585917222266132  0.53295773533818325  0.53991300636142414  0.54666196002733103
  0.55312451916464633  0.55944169678606070  0.56583632328937483  0.57193403546606258
  0.57818755385642340  0.58407664045849272  0.58983794457092276  0.59587625681674761
  0.60212195951203329  0.60814809377240486  0.61405594460530466  0.61974561570414766
  0.62527037890764414  0.63053160339264502  0.63549012593373233  0.64061411251350886
  0.64616196644042523  0.65136740037976226  0.65683794399339390  0.66174076577790453
  0.66691495188581473  0.67204355110797565  0.67738905226855606  0.68273879270315974
  0.68796212048496830  0.69320650323895927  0.69853932903895788  0.70406592369450316
  0.70969672007210283  0.71541626640978417  0.72104935202216180  0.72630280014752069
  0.73178625825614962  0.73698683581672253  0.74269021344809982  0.74774800546081210
  0.75266300049649459  0.75767739619523322  0.76291994804206076  0.76822161312058923
  0.77322503292912759  0.77796848016028608  0.78279131166339699  0.78779545810668994
  0.79296856444955588  0.79812057363740407  0.80348081528519166  0.80891823317669975
  0.81484340676929090  0.82128132347480054  0.82901937050723162  0.83743214560457602
  0.84710290578852510  0.85987691783173226  0.91343434126423029  1.00000000000000000
   2.0643045653107677E-006  -1.0000000000000000     
 T T T T T T T T T T T T T T T T F F F F F F F F F F F F F F F F F F F F F F F F F F F F F F F F T T T T T T T T T T T T T T T T T T T T T T T T T T T T T T T T F F F F F F F F F F F F F F F F F F F F F F F F F F F F F F F F T T T T T T T T T T T T T T T T
  <DiscreteSampler_grid>
  grouped_processes
  1 # 1 for a reference and 2 for a running grid.
  10 # Attribute 'min_bin_probing_points' of the grid.
  1 # Attribute 'grid_mode' of the grid. 1=='default',2=='initialization'
  0.0000000000000000 # Attribute 'small_contrib_threshold' of the grid.
  0.5000000000000000 # Attribute 'damping_power' of the grid.
 # binID   n_entries weight   weight_sqr   abs_weight
    13   10   1.618988472502278E+002   6.731161903132805E+004   1.618988472502278E+002
    14   10   1.618988472502278E+002   6.731161903132807E+004   1.618988472502278E+002
    16   10   3.299697913868202E+002   2.896546830986733E+005   3.299697913868202E+002
    17   10   3.299697913868201E+002   2.896546830986730E+005   3.299697913868201E+002
    22   10   1.618988472502278E+002   6.731161903132805E+004   1.618988472502278E+002
    23   10   1.618988472502278E+002   6.731161903132802E+004   1.618988472502278E+002
    25   10   3.299697913868203E+002   2.896546830986733E+005   3.299697913868203E+002
    26   10   3.299697913868201E+002   2.896546830986730E+005   3.299697913868201E+002
    31   10   1.618988472502278E+002   6.731161903132807E+004   1.618988472502278E+002
    32   10   1.618988472502278E+002   6.731161903132804E+004   1.618988472502278E+002
    34   10   3.299697913868202E+002   2.896546830986732E+005   3.299697913868202E+002
    35   10   3.299697913868202E+002   2.896546830986731E+005   3.299697913868202E+002
    40   10   1.618988472502278E+002   6.731161903132805E+004   1.618988472502278E+002
    41   10   1.618988472502278E+002   6.731161903132802E+004   1.618988472502278E+002
    43   10   3.299697913868202E+002   2.896546830986732E+005   3.299697913868202E+002
    44   10   3.299697913868202E+002   2.896546830986731E+005   3.299697913868202E+002
  </DiscreteSampler_grid>
