 -0.00235560488914972  0.01253473902347899  0.02467505735388490  0.03644461266955301
  0.04791532790775829  0.05889032526693333  0.06979332393489480  0.08071131935364134
  0.09192286653791727  0.10288662509968856  0.11383040068895782  0.12466681411175154
  0.13539439044300741  0.14597307242239138  0.15697413527777762  0.16813422643701714
  0.17908036596649640  0.19009463850215519  0.20115930167450488  0.21254433708743350
  0.22350509599494398  0.23415830202605170  0.24440530948948344  0.25491000516823226
  0.26578739695289150  0.27685904898395608  0.28781153901784773  0.29874608290124649
  0.30964848736049361  0.32033940351683804  0.33065231936507128  0.34082518865140254
  0.35122976539893636  0.36175726420822957  0.37233299162031386  0.38288074545706707
  0.39348095751169226  0.40412928150012489  0.41479028522073619  0.42539603341756715
  0.43622612097666302  0.44715459119233908  0.45797144660642558  0.46857544417645791
  0.47923399431006414  0.49017277624438699  0.50103954984750165  0.51169888968952160
  0.52224140563561616  0.53304463544938385  0.54388330645175276  0.55426791509731288
  0.56463908977678845  0.57526268043279127  0.58598654222220581  0.59650294599681219
  0.60703094765021137  0.61772158801749744  0.62845422783405314  0.63914131809446084
  0.64985056610986880  0.66051874064013061  0.67121861298452534  0.68188595347511949
  0.69265031182562942  0.70325450369963882  0.71397329709755997  0.72452045475925364
  0.73494631906107732  0.74526972247010403  0.75577385755266069  0.76662185280665573
  0.77712391659592217  0.78744355133511224  0.79792341608983952  0.80860378063081106
  0.81904288009594384  0.82897395338701119  0.83904057037596658  0.84958499272849497
  0.86015766550461203  0.87042855873546432  0.88065283222640367  0.89085968274475558
  0.90107722205593244  0.91121898656967459  0.92155401742968457  0.93224280328643749
  0.94295978862573793  0.95319385061886075  0.96275196221355530  0.97163051962722469
  0.98039488196832403  0.98809732682174234  0.99437111536088407  1.00000000000000000
 -0.00625021000549659  0.02811656919235042  0.04825301325092315  0.06356408285819262
  0.07657731933329401  0.08896447816593780  0.10096485313391362  0.11277466430769476
  0.12435512844457922  0.13585025387836161  0.14724445931503882  0.15850881802010566
  0.16964631252503640  0.18075736693813688  0.19187449326510250  0.20302677753429021
  0.21406819453830842  0.22501361330170180  0.23582896708082343  0.24645597117904933
  0.25692266016235560  0.26748536234095521  0.27833600698926148  0.28920394942381522
  0.29976212928232515  0.30994147543761674  0.31974776075206668  0.32955968175730177
  0.33963705123452909  0.34963161273250970  0.35962074573790986  0.36973036963177636
  0.37993632772676988  0.39028704403793424  0.40062446240570182  0.41103271204769010
  0.42149500748875335  0.43201014126405851  0.44239781118619675  0.45270884079631696
  0.46291127218158662  0.47320356991627310  0.48362371140911764  0.49389650970405186
  0.50428567197139385  0.51504363757014648  0.52595764954249613  0.53682577059329428
  0.54756327972339047  0.55820849996777400  0.56875977207711836  0.57920852631813646
  0.58963215541979308  0.59999349150750558  0.61025304776376388  0.62041698331438944
  0.63050114890891784  0.64038477100972357  0.65033192568008891  0.66051675079479966
  0.67098396774226587  0.68146437493068424  0.69176830791546662  0.70197956604592093
  0.71229195762197473  0.72272840003624605  0.73310572471348590  0.74342398237452278
  0.75380243649210887  0.76421998595922147  0.77458569690180978  0.78476955824111339
  0.79485542333242787  0.80487606575872750  0.81481009902076296  0.82466906517113714
  0.83450529851181665  0.84439933976503656  0.85422912136951312  0.86392220582848589
  0.87344991466525468  0.88290677660967998  0.89241613051618551  0.90192231657712507
  0.91137396262132953  0.92074726351014857  0.93012422309133558  0.93957451374036549
  0.94903178640475749  0.95833600193714763  0.96725396623534710  0.97569349645343761
  0.98337803378799360  0.98978577104556664  0.99512801048188970  1.00000000000000000
  0.00000077298313366  0.00000157962820759  0.00000252748159154  0.00000361901747731
  0.00000476234164029  0.00000592033886388  0.00000715716251923  0.00000846039710077
  0.00000978603399940  0.00001124221220349  0.00001287916699346  0.00001473295414394
  0.00001682459687462  0.00001921246949066  0.00002184874492700  0.00002483306576121
  0.00002827272953209  0.00003220814772764  0.00003683645444383  0.00004232232128177
  0.00004865797143921  0.00005553195062993  0.00006252373200025  0.00006945627378748
  0.00007644047559775  0.00008354936030873  0.00009083877591592  0.00009833133159208
  0.00010619891669625  0.00011457216512629  0.00012322380877256  0.00013214374112455
  0.00014139291508425  0.00015153032931363  0.00016198481417568  0.00017288059321008
  0.00018433232402998  0.00019655261820605  0.00020956147026021  0.00022321497196729
  0.00023800201951785  0.00025392894799087  0.00027066847355126  0.00028896592521041
  0.00030799425338641  0.00033013582982122  0.00035382225212480  0.00037843173194613
  0.00040325722354874  0.00042921091080346  0.00045640223418942  0.00048603439747162
  0.00051577414343378  0.00054922128258232  0.00058611096979111  0.00062865321461463
  0.00067169928000437  0.00071960435916362  0.00077368530579070  0.00083430363357716
  0.00089687194820353  0.00097108185876310  0.00104510649338198  0.00112582396727728
  0.00121204966623790  0.00130536802291131  0.00141545370261662  0.00154135480387678
  0.00167608720043685  0.00183193425874746  0.00202458673534825  0.00225801247312253
  0.00248431099463117  0.00265684000625315  0.00284123151680817  0.00292569520682362
  0.00300103789986337  0.00307031899902959  0.00313882689677529  0.00324203118977953
  0.00337240394021255  0.00346662567070333  0.00355966398540374  0.00375335297355381
  0.00401976920505769  0.00431200378615540  0.00453895808697361  0.00470381859629292
  0.00488397785721487  0.00517915982139227  0.00544860088178367  0.00568308700730995
  0.00588461380608125  0.00699088134687293  0.02253355861522053  1.00000000000000000
 -0.00153574651397267  0.00565372151938858  0.01238630449232927  0.01913112681029130
  0.02603989859920254  0.03290426308820181  0.03980378579755350  0.04677527277556381
  0.05385480262066721  0.06101178671939032  0.06824881726335694  0.07543457169813017
  0.08258656084699453  0.08975055599931092  0.09695519506916896  0.10419413236446681
  0.11141182483857076  0.11853269723219753  0.12555588480052160  0.13274837121552252
  0.14013168627425018  0.14752417614191049  0.15489620449909242  0.16218640601047798
  0.16943068306445042  0.17669665643358931  0.18387846586434661  0.19105595018367544
  0.19832494085240351  0.20558574275084177  0.21288046963032842  0.22013304340287743
  0.22744525791117406  0.23480849788092348  0.24227366423941279  0.24974469122146903
  0.25717726724378170  0.26454957146091457  0.27219479415255993  0.28004095782596244
  0.28810756016898681  0.29617541322181673  0.30420842879521665  0.31219843324785812
  0.32018343862293874  0.32829065654681294  0.33657371359819976  0.34494644454491141
  0.35319734892746385  0.36124909595623211  0.36930009176289136  0.37755822200036981
  0.38608674767189549  0.39483395118042980  0.40366953674197786  0.41268079916538608
  0.42195746778951071  0.43141651849394747  0.44082935725468342  0.45003380313162150
  0.45924685141022970  0.46867629919089754  0.47847703246610945  0.48845374080632015
  0.49859879337187962  0.50884313632735678  0.51889832347293863  0.52881749515612175
  0.53875045682409928  0.54892307864135625  0.55949230124791172  0.57039059934425196
  0.58176220486570440  0.59302180356446332  0.60426811366001676  0.61571633144193760
  0.62752091187571268  0.63978473033136507  0.65280740515378055  0.66619383665940379
  0.67957455920175269  0.69333914609343472  0.70783795286229645  0.72297492125552132
  0.73871180904535283  0.75523224068940997  0.77221792201079686  0.79045154075460033
  0.80931916656842817  0.82947228525581596  0.85136914188179635  0.87493928312837355
  0.90040607017644558  0.92891003761028823  0.96177248968979989  1.00000000000000000
 -0.00236088675467011  0.00945291273931832  0.02012946949919451  0.03056964201811748
  0.04086812437801886  0.05058350141786709  0.06051163967058783  0.07094912331114066
  0.08133117404940944  0.09228868496981979  0.10311223314353160  0.11422168661462245
  0.12525357471306173  0.13610020488411667  0.14699272998518959  0.15711134510589098
  0.16746211247561543  0.17782011482352464  0.18841955406788652  0.19853261535458200
  0.20841931242609374  0.21846163811357835  0.22813836450040403  0.23817892271022315
  0.24854284227407031  0.25919178142239496  0.26974522426289488  0.28028737940461446
  0.29094046054372746  0.30155099048634171  0.31183284452229632  0.32229013751183710
  0.33277881115093910  0.34353004385393415  0.35433109768963278  0.36503295805527447
  0.37582726077567846  0.38631836750027893  0.39708765742708291  0.40810799387660940
  0.41929521154411087  0.43043500639956822  0.44148606736636442  0.45240934184195042
  0.46306017626033930  0.47349517323231410  0.48353663862718976  0.49356319617146022
  0.50370233307002166  0.51425075888193650  0.52464235543105608  0.53493170729414863
  0.54536447827557988  0.55622602178240832  0.56729235715492554  0.57821392429480667
  0.58873567621440770  0.59926897550747749  0.60979270687565978  0.62052665609011548
  0.63103453299948042  0.64184583616703894  0.65202983972848594  0.66234230786752735
  0.67228399777582093  0.68282055998341373  0.69307018471478998  0.70304443271792116
  0.71284427776515169  0.72287146112075351  0.73334988543664714  0.74411724691402115
  0.75514579741316012  0.76584973769367592  0.77661430792007979  0.78739617782800453
  0.79833535213960560  0.80927223153473871  0.81996608917541047  0.83071332360842365
  0.84117225176923993  0.85176779359150223  0.86241663486922149  0.87319032624630177
  0.88381856298118289  0.89445905396645464  0.90540504218049300  0.91628492581974941
  0.92729527068758766  0.93834086047245113  0.94931746549327045  0.95991519444018614
  0.96993450747320609  0.98003325596924584  0.99001835172850483  1.00000000000000000
 -0.00149678534051859  0.00517052261780714  0.01181585079533090  0.01825510670309447
  0.02491194263343985  0.03166197496111308  0.03854416552373748  0.04552996418224629
  0.05253814062123478  0.05956842836635538  0.06650506670233917  0.07336878132074490
  0.08024122496955204  0.08723407816132239  0.09428600735343540  0.10132816682083208
  0.10834770394719059  0.11537580308219535  0.12258564161524099  0.12983017332776714
  0.13708994112956799  0.14418477545563080  0.15116840135680884  0.15828819050521700
  0.16544774163442222  0.17247298383188706  0.17944317595180589  0.18636835234934654
  0.19328977117152021  0.20041118275648329  0.20758583509029171  0.21486860612857547
  0.22210551778170731  0.22941104305810861  0.23686228289472208  0.24421792802717723
  0.25157542988627057  0.25904242817406153  0.26684227253656023  0.27469546590390792
  0.28261694167428836  0.29043124340796606  0.29812277605017645  0.30579058364972339
  0.31359718506283585  0.32158942710460603  0.32973355373853502  0.33808365837449095
  0.34658374154638177  0.35520095103132482  0.36392864210764925  0.37266055297999140
  0.38137170034470808  0.39014447177776085  0.39926659703534856  0.40867302543639700
  0.41810756031664842  0.42737388332816384  0.43660679501799005  0.44594678592939313
  0.45544599338633279  0.46495494899373102  0.47452367851298566  0.48409846179391386
  0.49367219857858441  0.50339628321291519  0.51322881022567068  0.52332972271223221
  0.53377243454227019  0.54463874777056809  0.55573511476005122  0.56714295469044007
  0.57877617976439488  0.59055073730104568  0.60249631569605488  0.61473250182187433
  0.62718882017527555  0.63976449533610413  0.65272579586183455  0.66623043194524312
  0.68004549284983518  0.69401576249079766  0.70836814941897330  0.72332226878856243
  0.73890972386934406  0.75489016845157098  0.77136551149363641  0.78876706886926995
  0.80730738244774880  0.82692824812278409  0.84792401083387192  0.87070675674330822
  0.89663769655764436  0.92599308936771019  0.95988395417674233  1.00000000000000000
 -0.00224154546229186  0.00899548233787184  0.01857411442870388  0.02886163173347412
  0.03973885141309389  0.05064808402693129  0.06166110963080899  0.07218131170610294
  0.08270871122945365  0.09327075008746789  0.10352840173470386  0.11339875322956890
  0.12304628558176607  0.13337685257455065  0.14402187057801596  0.15477988037085769
  0.16539942824377224  0.17596465438652129  0.18636537874477904  0.19677019084755781
  0.20732924052898102  0.21777532814290815  0.22823204316458562  0.23857319512960984
  0.24907293201874139  0.25968304395024505  0.27031828630556015  0.28100940339818264
  0.29181887889414831  0.30276756051721582  0.31371842059884908  0.32479234551444092
  0.33581831604644435  0.34684856577960932  0.35793043931199886  0.36881842821542982
  0.37971778290584968  0.39058101123596140  0.40165121992551844  0.41264304067397289
  0.42337363759428887  0.43419454088555021  0.44463230266222442  0.45489358943496760
  0.46507143122436878  0.47553197224779747  0.48622533314935490  0.49680520676572842
  0.50724240285968636  0.51769557991775828  0.52786573274707294  0.53794485872529785
  0.54831305231694805  0.55918705264904711  0.57009269943759577  0.58073037672828753
  0.59072884561445882  0.60081227287118111  0.61111579019249263  0.62140906805425877
  0.63167887072200934  0.64206445060766903  0.65260491867715098  0.66311069114235444
  0.67355242092989354  0.68416318451114078  0.69496969400114172  0.70561039363829503
  0.71616897326552109  0.72683392074516195  0.73754411975068768  0.74834335415928366
  0.75860779331871420  0.76932589513595051  0.77995159207528120  0.79048165539880255
  0.80052590302525617  0.81049295187592474  0.82074791376379574  0.83091533241927218
  0.84135112767607190  0.85173614813000120  0.86237351593353384  0.87293812409962712
  0.88352537287948152  0.89403492888345892  0.90455786354355128  0.91523341962969640
  0.92595858041537760  0.93646304240951650  0.94646732454441085  0.95650016260519366
  0.96685489851495066  0.97785535043037042  0.98897255581428289  1.00000000000000000
 -0.00245693210860459  0.00927035579970228  0.01928744791307506  0.03007632187799088
  0.04082873840801345  0.05180201542264663  0.06262218960245337  0.07309657701734500
  0.08375980099584893  0.09473723094870337  0.10590327384317386  0.11684340993819231
  0.12771909931423395  0.13856039151669039  0.14910944860630546  0.15947087322115006
  0.16988354110809525  0.18026606204024398  0.19102251560974604  0.20177851647963768
  0.21253349650907771  0.22330471249263900  0.23387595954502183  0.24444303171932052
  0.25495735382661827  0.26561341309841374  0.27600755370650987  0.28615197628387068
  0.29625349701102471  0.30674039329290231  0.31746351935514694  0.32826667290491973
  0.33914568300319992  0.34997602568072483  0.36054308231881804  0.37093202716332663
  0.38115711393962048  0.39139385055957177  0.40182202505264225  0.41228141216965231
  0.42276904120730807  0.43302371886951108  0.44347059077048762  0.45405949266452361
  0.46469194829697147  0.47524220729526001  0.48584081547169838  0.49655133438216636
  0.50709633925723296  0.51764523646279503  0.52808032285895912  0.53872642198368270
  0.54934358318948140  0.56014568368168349  0.57075561107072992  0.58144189847561856
  0.59182018161767980  0.60224203737163406  0.61243401823877941  0.62284669285216354
  0.63335563471540657  0.64399525020446025  0.65464018481707598  0.66518395459989743
  0.67571163099689779  0.68610207557965053  0.69651443726279083  0.70716824669223088
  0.71810290889500450  0.72898947075462572  0.73978398361787823  0.75052271083242217
  0.76139813539190870  0.77200659826896489  0.78246848259653246  0.79294028338521338
  0.80356683090390246  0.81403908871984620  0.82447701306961196  0.83477578647927764
  0.84541620802864359  0.85602209258696316  0.86667781944321509  0.87705436274817450
  0.88734197558618677  0.89801153414761981  0.90866063637753369  0.91907709368591617
  0.92934183477349597  0.93961298178546726  0.95010018940640650  0.96015072474772545
  0.97009540259252569  0.98002973642143998  0.98997284612723979  1.00000000000000000
 -0.02280661068956134  0.14457634608139361  0.21955190738443128  0.24891630011744970
  0.26673551234085696  0.28001337258051406  0.29117886992915798  0.30119737864444474
  0.31051467180022213  0.31928292120031454  0.32761067076414047  0.33555734605921955
  0.34323345043848563  0.35075213560558860  0.35816143974284448  0.36542333885669293
  0.37256594945030663  0.37956964543622540  0.38644673023482118  0.39335169977803691
  0.40019341251505591  0.40707303412485502  0.41386911215564598  0.42061054050192798
  0.42718772170675967  0.43374205085454548  0.44018776201516235  0.44672842499488508
  0.45334725044236823  0.45989847967489239  0.46633033948121649  0.47268133390593048
  0.47899998766953156  0.48531389485191517  0.49165954189531114  0.49803686100706790
  0.50446954965184077  0.51091619924996790  0.51731712644043559  0.52365239234877403
  0.52990405271426377  0.53612567405820311  0.54234777297469383  0.54860297168578287
  0.55499807249869659  0.56157351567177338  0.56828071052154661  0.57495075013219255
  0.58145760362418597  0.58796607853148208  0.59458477011270083  0.60130477166380292
  0.60808463538097657  0.61491166417829179  0.62165639455182586  0.62843743440039879
  0.63504106155684237  0.64189690980668723  0.64899400153047604  0.65622380320713891
  0.66370790236374977  0.67098997111805181  0.67823585034145517  0.68528837931765629
  0.69227344482762054  0.69940829820086059  0.70670370539817406  0.71414669977088030
  0.72154686543591495  0.72886191161761604  0.73629884783452770  0.74387252161119666
  0.75158646699296972  0.75946032535618724  0.76740048432260699  0.77533928047833844
  0.78337483412153297  0.79161729608414433  0.80004230794541642  0.80851844357039937
  0.81703770318031965  0.82584432354551984  0.83505777546989823  0.84459737043935701
  0.85393249450849551  0.86313048121933866  0.87252000700101429  0.88251724258309527
  0.89312058205906752  0.90404560951374280  0.91571216791964916  0.92875179571198474
  0.94243883124889682  0.95706088565163960  0.97502734125833312  1.00000000000000000
  0.05723051910932524  0.16036335091609411  0.20044716775493629  0.22586239248569023
  0.24612250588080614  0.26326413399513543  0.27859745068201547  0.29268972398605181
  0.30580688932323297  0.31845882728453806  0.33063241723323405  0.34211592279438185
  0.35286656412152417  0.36302025807653338  0.37292992536125197  0.38262785996739329
  0.39205954822576911  0.40111124567996531  0.40979529839663414  0.41824016611536408
  0.42651376945344316  0.43471726635561236  0.44286837854148547  0.45080519358851029
  0.45862194431919795  0.46642781208743544  0.47429045552257948  0.48199283566524315
  0.48934817871260355  0.49651552855390152  0.50352886047019696  0.51049223444839842
  0.51736681426331221  0.52401819180711895  0.53056024478947372  0.53691985114870544
  0.54322189837923918  0.54945627161546839  0.55574365102994383  0.56200696623704549
  0.56824386733981891  0.57441457747194458  0.58060917794948308  0.58664277396556264
  0.59262604515129391  0.59856357084505685  0.60440206080688597  0.61007890065665005
  0.61560178179764968  0.62108381772927745  0.62653258595648331  0.63193992356819584
  0.63724638084345975  0.64247394315418194  0.64763673528892451  0.65277684605850750
  0.65796976038890576  0.66316388248907276  0.66835251264831042  0.67351909453062830
  0.67867736041828364  0.68384080233024247  0.68895345073192560  0.69407855772447291
  0.69906097577711390  0.70415147917767162  0.70925129647915330  0.71428754975736253
  0.71931389544980862  0.72429968117347454  0.72934405093501498  0.73434053130842514
  0.73928828008659575  0.74417648577752316  0.74910191782857649  0.75401180783343358
  0.75910710208576693  0.76422842108756484  0.76941234572067052  0.77465714685250697
  0.77995506985143148  0.78540110867941249  0.79101502281385716  0.79687585237798053
  0.80297136468695807  0.80930812387644713  0.81603869529473028  0.82342776347354929
  0.83139314461073921  0.84022153011623313  0.85026037790112619  0.86273704823596931
  0.87913134524741765  0.90570719791416332  0.96691627111108336  1.00000000000000000
   1.1835961525666577E-007  -1.0000000000000000     
 T T T T T T T T T T T T T T T T F F F F F F F F F F F F F F F F F F F F F F F F F F F F F F F F T T T T T T T T T T T T T T T T T T T T T T T T T T T T T T T T F F F F F F F F F F F F F F F F F F F F F F F F F F F F F F F F T T T T T T T T T T T T T T T T
  <DiscreteSampler_grid>
  grouped_processes
  1 # 1 for a reference and 2 for a running grid.
  10 # Attribute 'min_bin_probing_points' of the grid.
  1 # Attribute 'grid_mode' of the grid. 1=='default',2=='initialization'
  0.0000000000000000 # Attribute 'small_contrib_threshold' of the grid.
  0.5000000000000000 # Attribute 'damping_power' of the grid.
 # binID   n_entries weight   weight_sqr   abs_weight
    13   10   3.237103902022776E+003   9.402777070240892E+007   3.237103902022776E+003
    14   10   3.237103902022784E+003   9.402777070240936E+007   3.237103902022784E+003
    16   10   6.922516186015714E+003   4.300491875913466E+008   6.922516186015714E+003
    17   10   6.922516186015733E+003   4.300491875913491E+008   6.922516186015733E+003
    22   10   3.237103902022776E+003   9.402777070240892E+007   3.237103902022776E+003
    23   10   3.237103902022784E+003   9.402777070240936E+007   3.237103902022784E+003
    25   10   6.922516186015714E+003   4.300491875913466E+008   6.922516186015714E+003
    26   10   6.922516186015733E+003   4.300491875913491E+008   6.922516186015733E+003
    31   10   3.237103902022775E+003   9.402777070240888E+007   3.237103902022775E+003
    32   10   3.237103902022783E+003   9.402777070240936E+007   3.237103902022783E+003
    34   10   6.922516186015714E+003   4.300491875913466E+008   6.922516186015714E+003
    35   10   6.922516186015733E+003   4.300491875913491E+008   6.922516186015733E+003
    40   10   3.237103902022775E+003   9.402777070240888E+007   3.237103902022775E+003
    41   10   3.237103902022783E+003   9.402777070240936E+007   3.237103902022783E+003
    43   10   6.922516186015714E+003   4.300491875913466E+008   6.922516186015714E+003
    44   10   6.922516186015733E+003   4.300491875913491E+008   6.922516186015733E+003
  </DiscreteSampler_grid>
