  0.00000090638898801  0.00000191661495776  0.00000299488370675  0.00000415625717789
  0.00000543967972267  0.00000684479704786  0.00000833446567376  0.00000984187455981
  0.00001135216192603  0.00001280988121834  0.00001422071194504  0.00001557390918517
  0.00001687979152697  0.00001818244344043  0.00001942088027711  0.00002061522482833
  0.00002174500446569  0.00002283723971941  0.00002384274391072  0.00002481825299601
  0.00002575614573111  0.00002666371878866  0.00002753599470445  0.00002838374336263
  0.00002916936641470  0.00002981448441761  0.00003043316283289  0.00003098163175766
  0.00003152692645381  0.00003206398705537  0.00003258490017499  0.00003308583648020
  0.00003356736644310  0.00003402832489911  0.00003448398859432  0.00003493840185439
  0.00003539197839235  0.00003584518529378  0.00003631052999375  0.00003679540225919
  0.00003737187018109  0.00003809300797274  0.00006257859138829  0.00006338664190059
  0.00006407389136775  0.00006463498006995  0.00006520401060912  0.00006579074071285
  0.00006642784157448  0.00006708115326358  0.00006778277494633  0.00006854541961112
  0.00006934324804079  0.00007021563764933  0.00007113709997808  0.00007210331730025
  0.00007311846300507  0.00007414860129029  0.00007527550524123  0.00007645989456780
  0.00007768746148519  0.00007895784682932  0.00008024474790017  0.00008170190061372
  0.00008373609937900  0.00008586325199362  0.00008804584996905  0.00009031262876824
  0.00009271301290337  0.00009543162056513  0.00009842578700809  0.00010229231801553
  0.00010647243421543  0.00011098262824274  0.00011650054073683  0.00012279238158209
  0.00012945369646773  0.00013672485214298  0.00014485373690271  0.00015399157444191
  0.00016486244270881  0.00017861407180930  0.00019484286804240  0.00021486247284752
  0.00023892148554159  0.00026742948467475  0.00030274800340186  0.00034932848095807
  0.00041350183818892  0.00050710411477258  0.00063920142882497  0.00083422691768297
  0.00118421206123023  0.00198196778912080  0.06756994736563987  1.00000000000000000
  0.02933973134181449  0.04081729566155032  0.05404854411494450  0.06697655223339655
  0.07991769467546606  0.09285276198108390  0.10576357468453701  0.11860265182015153
  0.12999605239939058  0.13980401267450318  0.14957238036661316  0.16001504684239901
  0.17034477965896630  0.17969444989786881  0.18875323637316274  0.19826151560820468
  0.20805464432353396  0.21771380228300169  0.22736995084421402  0.23778139622069924
  0.24865436052403794  0.25946338113242950  0.26981902024109755  0.27979246427611115
  0.28958461818637404  0.29912633254711329  0.30880514552289595  0.31893887420409545
  0.32903235508792644  0.33854254414236068  0.34787998721274066  0.35746787095283811
  0.36770583078911878  0.37819832080217741  0.38892621703006497  0.39998364335806291
  0.41109836480656753  0.42208156762188942  0.43294622543288241  0.44303058168096987
  0.45325572866255387  0.46394579011047532  0.47465262102121109  0.48466258966980036
  0.49401993506976638  0.50404034107311768  0.51416122119314611  0.52439088638569820
  0.53439152591965655  0.54417127549838051  0.55368956765051158  0.56333511533842739
  0.57247272960245232  0.58163800813546152  0.59076410169249360  0.59975835680943912
  0.60845183734034125  0.61696410564774773  0.62605105494073388  0.63536565852632343
  0.64417101734504933  0.65293487749801626  0.66181309234837016  0.67119409303942257
  0.68055420216042395  0.68998577497556934  0.69904152688460020  0.70760698576517289
  0.71621481980177493  0.72516014123500783  0.73466975425490788  0.74459123029507557
  0.75438589365250153  0.76454084475955819  0.77454680025530387  0.78429594268074732
  0.79393493425056882  0.80466693144385759  0.81511839135594810  0.82486426654040157
  0.83438938100290727  0.84393930897996394  0.85402453415839308  0.86417458212755127
  0.87442136554433303  0.88542403599202169  0.89552619275743639  0.90550647581049848
  0.91514112962311178  0.92404044492057280  0.93302733910717217  0.94307642718166795
  0.95455982638850156  0.96358040486854590  0.96924257082634868  1.00000000000000000
 -0.00002010794843498  0.00025902892501206  0.00073937446956971  0.00152647144380365
  0.00254840120309461  0.00386750265923490  0.00544972162128822  0.00733320151606409
  0.00966097826279159  0.01221261171278617  0.01476686520073495  0.01753530416323822
  0.02047056192246664  0.02354929792526248  0.02699446788751074  0.03074061664358123
  0.03461988166880891  0.03837060603872383  0.04216157842313230  0.04614335128608901
  0.05065039388821324  0.05564325905218273  0.06074728996784588  0.06566495964505516
  0.07048954277313818  0.07522831666803430  0.07979887656257124  0.08435235019815536
  0.08908417098746400  0.09417848124847206  0.09963222337162755  0.10532042058320960
  0.11121900398462337  0.11734557704284418  0.12349500550746864  0.12947543287188654
  0.13560909664766002  0.14149069674328693  0.14740545126709950  0.15335908278759833
  0.15967139867674504  0.16679592020020717  0.17425601766805807  0.18166420461098909
  0.18910105401888128  0.19655486592226828  0.20421170719442816  0.21236586851532541
  0.22056682831038069  0.22816971921580401  0.23528783414690457  0.24236230720963822
  0.24968076260692437  0.25759315990792120  0.26599839792519664  0.27468733685349100
  0.28354188142925252  0.29245040187160243  0.30132826320348327  0.31049534371261911
  0.32070779202209210  0.33124143692222358  0.34208648139790732  0.35340066216878879
  0.36516169199043763  0.37701600818828851  0.38868817663527949  0.40036508945908106
  0.41271016684240519  0.42573828304059530  0.43928954911445489  0.45345231375734230
  0.46753502770831629  0.48161382603565578  0.49591826219866103  0.51009729582178542
  0.52473622825760391  0.54073259336722013  0.55818924991978180  0.57530893638280711
  0.59367074800523978  0.61398658853923826  0.63454909018451577  0.65572610683071275
  0.67841557524727247  0.70150237425285711  0.72541918155192853  0.75150497790233994
  0.77759755823825183  0.80476037139443524  0.83286053315573405  0.86265057248707877
  0.89538329423726915  0.92973437740498788  0.96451294705207280  1.00000000000000000
 -0.00304514186851883  0.01152765772093907  0.02305843687943292  0.03305347575690904
  0.04238281291025065  0.05196829655031165  0.06206609123111730  0.07275340981676248
  0.08377658229879070  0.09519647421500051  0.10665920771471049  0.11773870563928628
  0.12900961958788029  0.13896017339130715  0.14905963693394692  0.15879319842363632
  0.16808577446973064  0.17712194141326237  0.18655254942217228  0.19624404814449362
  0.20659440283152514  0.21696146097299596  0.22736649880927393  0.23722278557596510
  0.24657057815479769  0.25660780110122511  0.26808133050952976  0.28015716328998136
  0.29255187717400161  0.30300917347340717  0.31370346154713291  0.32462739404263891
  0.33561799149519245  0.34656661515382037  0.35776673243181778  0.36923710721375308
  0.38027288993896513  0.39068362069646545  0.40111177042763335  0.41196624192584802
  0.42218908481609679  0.43246030355237669  0.44227521594212171  0.45239461003896486
  0.46247270468866791  0.47306875273321780  0.48421032265148495  0.49589208827792053
  0.50734097761025976  0.51863407480833201  0.52819130436236772  0.53768693464337980
  0.54801002482857175  0.55877131978432559  0.56861744320037144  0.57824565340861789
  0.58774232379383007  0.59781665334512646  0.60828290253705863  0.61911801405091826
  0.63006442174558031  0.64061200634035298  0.65119344615501973  0.66244119066618101
  0.67455507716217278  0.68732880020414278  0.70112476194621209  0.71443620531693364
  0.72705056698872961  0.74005879876253200  0.75205298675784427  0.76281628395956047
  0.77298581062173211  0.78224133777863181  0.79181759461201429  0.80150046519053941
  0.81067758197682871  0.82013985173201553  0.83023514125891196  0.84091230868263567
  0.85187674224459753  0.86268599603206220  0.87360044248163105  0.88384022433267040
  0.89418452859059572  0.90414529867753035  0.91473667951425364  0.92476341220452163
  0.93548643040146928  0.94537967528023392  0.95549940616309814  0.96518165844703618
  0.97472755146646139  0.98341058042922069  0.99173007267505997  1.00000000000000000
 -0.00180464922983088  0.00761322191374070  0.01692614262204919  0.02685678322914164
  0.03772905048887259  0.04900211788073967  0.06010981665677567  0.07087850504032465
  0.08133124545070856  0.09216567899921674  0.10326811000232675  0.11418925472246864
  0.12462253042148570  0.13512569068283953  0.14571406721180263  0.15630160590983816
  0.16690757729934100  0.17780596116983569  0.18867985488299155  0.19951153847291336
  0.21021044723831503  0.22021811536900807  0.23001410383855397  0.23910543449529625
  0.24831625384715361  0.25798251654843757  0.26841585176083133  0.27920393698267038
  0.29013315469284801  0.30116588404732580  0.31231214052948697  0.32255039468419106
  0.33242870590726492  0.34159098170931562  0.35099141184736304  0.36066942500075072
  0.37069345857694563  0.38048491752549551  0.39039756392721142  0.40024367883120188
  0.40991074821821882  0.41977178744998778  0.42973573663188314  0.44002613653437583
  0.45091894276531519  0.46187478385769642  0.47298319362572688  0.48431537468570113
  0.49622463450039156  0.50782155064005319  0.51898484348881369  0.53014355986860784
  0.54130032741004097  0.55310531610682101  0.56621056443695772  0.57922420507506978
  0.59228093324672704  0.60473679869787944  0.61629998204871217  0.62710941824811284
  0.63736079319367889  0.64798140255927206  0.65924527774714148  0.67015137032646643
  0.68071944258742823  0.69128670470725484  0.70195785495488427  0.71246748893775858
  0.72291500007222009  0.73383544393265487  0.74525101700008467  0.75605621540908974
  0.76603723871780283  0.77619984284623444  0.78652786364855121  0.79687232577191847
  0.80686986003936378  0.81718850625654316  0.82781220943809064  0.83821164105332346
  0.84844736144887423  0.85877877298587979  0.86950803732554527  0.88018998152905736
  0.89066535277241421  0.90052966096444231  0.90941655575496061  0.91806851176884918
  0.92635126292033609  0.93586155808828886  0.94626090085154180  0.95684254139982083
  0.96812410719459474  0.97899778624529499  0.98974675756413844  1.00000000000000000
 -0.00158694759264372  0.00854128071832286  0.01745713239264916  0.02617247465681833
  0.03500246606454434  0.04402225123195945  0.05384547639860478  0.06403452762184410
  0.07541623037752768  0.08700220478806110  0.09827849361521519  0.10890523495564773
  0.11904080294307366  0.12896745586373831  0.13939276579094179  0.15094855461054293
  0.16315995880530107  0.17488758703377311  0.18647045544759544  0.19845422969133392
  0.21034685085529742  0.22131690437831436  0.23180227291197208  0.24207422736057424
  0.25201065881019435  0.26257767885085487  0.27345033457098200  0.28387793709757891
  0.29435387614751823  0.30543742120669426  0.31686397908091019  0.32824216278964219
  0.33973168655113717  0.35151721813107900  0.36407005667577763  0.37610420015478463
  0.38613462581542374  0.39604365975327754  0.40582582510373383  0.41576034485162883
  0.42536068867889598  0.43525941880039559  0.44592197584018539  0.45703435080937194
  0.46789341562176356  0.47887551098657144  0.49028076795554254  0.50135606680431533
  0.51155393956797357  0.52099501770158718  0.52962384718947486  0.53805118450125622
  0.54654379310328860  0.55535161021051449  0.56409564638623544  0.57265789484668805
  0.58128452244840445  0.59107132154837505  0.60172044355330701  0.61240194154698568
  0.62363371250743094  0.63508528857695934  0.64640753315572741  0.65722605883600616
  0.66798882836446660  0.67901646896222023  0.69007320428712815  0.70107899588789713
  0.71215174982746332  0.72341422300889535  0.73425515774256522  0.74393816859959472
  0.75372493782599881  0.76396200543565163  0.77459304698388431  0.78633948106605245
  0.79753500044171921  0.80765998740859446  0.81864245335857244  0.82953450350531288
  0.83983682805022086  0.84931726568977739  0.85962800103667980  0.87036268644872505
  0.88026556179789217  0.88996926132509369  0.90072179260003971  0.91290731230894939
  0.92489886040484692  0.93689434396141902  0.94841788365475843  0.95982101843664835
  0.97034760708628587  0.98067864236344260  0.99043533361897795  1.00000000000000000
  0.00777655179326780  0.01559468122346117  0.02277886024041496  0.03283319456695348
  0.04319712151503738  0.05348129901657270  0.06273714055021434  0.07515102721114041
  0.08750893159382274  0.10089323282910494  0.11279895322378213  0.12409497099611820
  0.13495628687325562  0.14582346140300601  0.15714676596232166  0.16898187483784266
  0.18096497974639844  0.19304970400052310  0.20572820435935688  0.21756372517501427
  0.22854324379576865  0.23896727215558700  0.24867049111927694  0.25791522036185971
  0.26654779387864097  0.27554963113415792  0.28477687588300571  0.29543997510826076
  0.30798957286561507  0.32029579888919807  0.33171514024740484  0.34209038040306566
  0.35264493632084837  0.36389909008191934  0.37527003235981227  0.38660639883454395
  0.39791160684359972  0.40899535413604066  0.41973973001138271  0.43018570914329407
  0.44077058061290258  0.45139023929344713  0.46250910369466741  0.47401385872011553
  0.48479718430912117  0.49448801706188866  0.50431914950093337  0.51462353933140959
  0.52506502484997131  0.53579639437047388  0.54610909935693785  0.55656750323496862
  0.56641153678718437  0.57634221332237945  0.58664500111746054  0.59695045455028495
  0.60715442972222011  0.61722111999934270  0.62763307575012406  0.63875421773108298
  0.65003066014341582  0.66054282334642023  0.66989412342236798  0.67893860037258302
  0.68809083699055429  0.69819284099128920  0.70856949819104609  0.71996341845385503
  0.73073723665615176  0.73988873363397401  0.75003357862896924  0.76001962008078294
  0.76984923599883048  0.77920961562738456  0.78834245054255059  0.79792409890608818
  0.80754485209222426  0.81692960560066630  0.82621752552115080  0.83584830913229180
  0.84548867401331673  0.85495208739160611  0.86464520675617373  0.87447242243629286
  0.88576046010644915  0.89683462553186788  0.90796274930618170  0.91909806516384163
  0.92863473625797843  0.93813660633919904  0.94726335318445687  0.95771053908242987
  0.96851587702590280  0.97961863978408792  0.98986620563402639  1.00000000000000000
 -0.00187801979317836  0.00889841046035683  0.01764995249652242  0.02656822138600367
  0.03568420370926151  0.04460499950826739  0.05349193712307786  0.06288720148536452
  0.07376391180062626  0.08587158038838487  0.09760996112069337  0.10956835024634758
  0.12111803273043724  0.13194818666575303  0.14275427406713315  0.15269658667634645
  0.16205683272860147  0.17091950671503608  0.17989766136037066  0.18934515441809099
  0.19939601405756346  0.20956471545254585  0.22003820920032363  0.23048512162066551
  0.24030240629209768  0.24988901610769004  0.25919848521372069  0.26868443408128390
  0.27851400905381823  0.28770966523821812  0.29692600939328645  0.30645682626197385
  0.31778791036257559  0.33069726639966324  0.34283509395206102  0.35442747383281747
  0.36554810487788802  0.37595664935949741  0.38578558882059821  0.39576448283375093
  0.40620768794319184  0.41657591424813423  0.42661020299105706  0.43667055429561097
  0.44682536454784233  0.45757702974777387  0.46816499841331838  0.47844727180927860
  0.48903884643071549  0.50013079719703379  0.51204718305836971  0.52375436342775561
  0.53535227589713341  0.54778513206098722  0.56057844809753743  0.57273908220952108
  0.58418893179978693  0.59520867024000967  0.60630067433438073  0.61768227447928148
  0.62814419274192834  0.63851437630943053  0.64900031955204374  0.65994384960351227
  0.67080809262893437  0.68067491821221560  0.69098923200673334  0.70092032846162666
  0.71078776779496333  0.72018369509301694  0.72954762498323500  0.73902988346950638
  0.74891320625364977  0.75903196712898247  0.77007223648675005  0.78200803300245636
  0.79395615220531257  0.80485445056693428  0.81573675829192116  0.82696310438432596
  0.83749838012939126  0.84756722936146978  0.85806477578533114  0.86879322762866640
  0.87911252929862815  0.88948992435318319  0.90033114143765269  0.91182266821470670
  0.92299712993502558  0.93419412651809219  0.94528840546582327  0.95593301798698438
  0.96635481627132769  0.97740318546575478  0.98815278089682845  1.00000000000000000
  0.14024647088670911  0.16375862866858501  0.18613846599642758  0.21101457202087939
  0.23273735452090191  0.24974591623056047  0.26477939730106376  0.27850038883210082
  0.29170823764840637  0.30346134160808813  0.31495254001967726  0.32615565771349220
  0.33612728447536561  0.34558575116669549  0.35409735400661124  0.36247779047669010
  0.37036134249955344  0.37765852848252474  0.38485834551734571  0.39234985585893001
  0.40047255902438272  0.40895060714598752  0.41649735695812307  0.42411026599499219
  0.43144963588971907  0.43937357958516254  0.44872656999501837  0.45815733479987569
  0.46537494672131963  0.47295870225079173  0.48060345843960478  0.48803781382652195
  0.49515352981041438  0.50200998156408261  0.50798009121006160  0.51440083368077139
  0.52066957765517496  0.52831497294009055  0.53562474731150045  0.54256056381898821
  0.54863392772186337  0.55454421433587775  0.56076694641309932  0.56695063143828406
  0.57319327998262204  0.57908523936605150  0.58499245632045138  0.59120923378693435
  0.59748036597920917  0.60367498571793177  0.60942041871195352  0.61490207068320857
  0.62046547104621219  0.62614758831593709  0.63194697532316713  0.63769633629806355
  0.64325217936797219  0.64866492014416521  0.65406267890685965  0.65945111369149922
  0.66499412225761245  0.67113377933456408  0.67796048693218136  0.68491928370376398
  0.69174908051481154  0.69873017305730301  0.70558565575401699  0.71240161091473675
  0.71940341009184683  0.72649072710631435  0.73299869261076311  0.73946454439145859
  0.74587625503650345  0.75222299552062122  0.75866671948857811  0.76533963136383421
  0.77237496009569107  0.77985238932432288  0.78754317389986206  0.79595241267338923
  0.80525330029160513  0.81425640771296115  0.82266483002435475  0.83148186178415362
  0.84099635646849202  0.85096418820697906  0.86063951874088129  0.87014611638741546
  0.88020508015699683  0.89086472291419450  0.90250089386709487  0.91546441764353559
  0.92960288195666474  0.94628347780258071  0.96818364217024078  1.00000000000000000
 -0.02818821573506506  0.15040934412149970  0.18662282583170162  0.21147392234271081
  0.23186721990449299  0.24992283576374380  0.26608563223398451  0.28175214946817806
  0.29647511650216984  0.30984445389160870  0.32296396206654143  0.33528461799604148
  0.34672393519014533  0.35767733103272970  0.36938117135630966  0.38077136911767284
  0.39117275492801618  0.40138185078379307  0.41116545907134439  0.42110321193185507
  0.43003045551167657  0.43889758255669153  0.44754829352035624  0.45533794342109718
  0.46278592365397159  0.46979651598206840  0.47763773752963212  0.48592452725394686
  0.49403554598219285  0.50176996257917628  0.50883982819548923  0.51568367124667502
  0.52246659653105665  0.52939427413512985  0.53638385099640817  0.54315726496474248
  0.54967175337718077  0.55611937591536698  0.56251746890830812  0.56888271984169347
  0.57520774006427622  0.58147756686294705  0.58782455784347820  0.59388548566184951
  0.60005536694104356  0.60595351268226871  0.61167061382672427  0.61739861467195889
  0.62307543869507631  0.62876303299080494  0.63443023594543524  0.63994876726571992
  0.64527335770357996  0.65041249956469749  0.65540598543140716  0.66043147479727582
  0.66574940305908115  0.67140706343263445  0.67728855278121369  0.68264311270961286
  0.68773589361947296  0.69273881649080116  0.69772452182954370  0.70274842003684446
  0.70787652694410474  0.71359476035294034  0.71961085111022616  0.72555956606136907
  0.73121980593961677  0.73633553721689793  0.74109411020435412  0.74599875004153304
  0.75108971378350853  0.75630179431964784  0.76150629755366883  0.76657008626355549
  0.77106422406462505  0.77505451567537387  0.77899699159733238  0.78305801690964072
  0.78737484302024785  0.79194691131424289  0.79656576718071748  0.80092674692698884
  0.80541768641025502  0.81006108030775181  0.81558795949906804  0.82073344576654006
  0.82570613712426377  0.83054775401233294  0.83743000712141769  0.84682909076949120
  0.85964637999756888  0.87469748819089932  0.90845552243470495  1.00000000000000000
   4.0006649353332388E-008  -1.0000000000000000     
 T T T T T T T T T T T T T T T T F F F F F F F F F F F F F F F F F F F F F F F F F F F F F F F F T T T T T T T T T T T T T T T T T T T T T T T T T T T T T T T T F F F F F F F F F F F F F F F F F F F F F F F F F F F F F F F F T T T T T T T T T T T T T T T T
  <DiscreteSampler_grid>
  grouped_processes
  1 # 1 for a reference and 2 for a running grid.
  10 # Attribute 'min_bin_probing_points' of the grid.
  1 # Attribute 'grid_mode' of the grid. 1=='default',2=='initialization'
  0.0000000000000000 # Attribute 'small_contrib_threshold' of the grid.
  0.5000000000000000 # Attribute 'damping_power' of the grid.
 # binID   n_entries weight   weight_sqr   abs_weight
    13   10   4.403003333606727E+002   4.274716017546287E+005   4.403003333606727E+002
    14   10   4.403003333606729E+002   4.274716017546289E+005   4.403003333606729E+002
    16   10   6.268232558502452E+002   8.785133459982276E+005   6.268232558502452E+002
    17   10   6.268232558502456E+002   8.785133459982288E+005   6.268232558502456E+002
    22   10   4.403003333606727E+002   4.274716017546287E+005   4.403003333606727E+002
    23   10   4.403003333606730E+002   4.274716017546289E+005   4.403003333606730E+002
    25   10   6.268232558502452E+002   8.785133459982274E+005   6.268232558502452E+002
    26   10   6.268232558502455E+002   8.785133459982279E+005   6.268232558502455E+002
    31   10   4.403003333606727E+002   4.274716017546285E+005   4.403003333606727E+002
    32   10   4.403003333606729E+002   4.274716017546288E+005   4.403003333606729E+002
    34   10   6.268232558502452E+002   8.785133459982270E+005   6.268232558502452E+002
    35   10   6.268232558502457E+002   8.785133459982285E+005   6.268232558502457E+002
    40   10   4.403003333606727E+002   4.274716017546287E+005   4.403003333606727E+002
    41   10   4.403003333606731E+002   4.274716017546292E+005   4.403003333606731E+002
    43   10   6.268232558502452E+002   8.785133459982276E+005   6.268232558502452E+002
    44   10   6.268232558502455E+002   8.785133459982283E+005   6.268232558502455E+002
  </DiscreteSampler_grid>
