  0.02424414621770657  0.03213070964350825  0.04225934944902190  0.05198502931976022
  0.06193288732523752  0.07177663215752864  0.08184765936610665  0.09224051837955564
  0.10286761409586684  0.11330879539559895  0.12375769770772521  0.13475409847960024
  0.14592416407156628  0.15628662495970150  0.16628616799702722  0.17648004616399846
  0.18683434430573967  0.19687391295192430  0.20643929898229785  0.21604881013329563
  0.22566070371022043  0.23528151063191260  0.24489355536360169  0.25452591125186352
  0.26429450769297724  0.27432123358194993  0.28497569054896210  0.29548234012285091
  0.30573454858314175  0.31549501825508702  0.32487136283945683  0.33398575078674847
  0.34275934956809684  0.35165705438296685  0.36124129446968689  0.37128218558642806
  0.38118482129935383  0.39143402709228176  0.40135426061857210  0.41132222047940026
  0.42127806222793185  0.43103875513428136  0.44093456861434377  0.45179372288229991
  0.46325529074273769  0.47489098519750073  0.48574658187074166  0.49587902619740010
  0.50584503149820137  0.51586540130911296  0.52631610365150372  0.53723603724538249
  0.54842351444802340  0.55985657971707670  0.57072447050764752  0.58145202030624421
  0.59130866659989201  0.60100492222557367  0.61030873904304894  0.61969930211737256
  0.62919254072244801  0.63807449507450509  0.64697413234495993  0.65609592918496051
  0.66597803932410959  0.67595933727827495  0.68596008412262544  0.69574493800369308
  0.70567418868160237  0.71566091103700258  0.72572533347550250  0.73569585593172582
  0.74588830808112405  0.75658535967399554  0.76733903855469088  0.77796692267656520
  0.78823436241978084  0.79851342373549306  0.80924024930435023  0.81965837524371488
  0.83067645563128689  0.84145618358589724  0.85272295740334358  0.86351895174359228
  0.87423403964708479  0.88487866230647461  0.89563987139035417  0.90621559493924153
  0.91675288876747885  0.92711659708568095  0.93731393436162080  0.94721555036037397
  0.95692404480639937  0.96604467671789795  0.97090364612044977  1.00000000000000000
  0.03063382591868561  0.03721302473127068  0.04663778860116451  0.05726614142335313
  0.06778663325608342  0.07858020673527041  0.08897786043821208  0.09918516229043946
  0.10917766176445153  0.11992244798821622  0.12993204760282948  0.14006240227182992
  0.14990119950733891  0.15974820853648469  0.16968163944873091  0.17942400592501270
  0.18948788168135813  0.20024637413364590  0.21129523463384345  0.22213952265410691
  0.23253113447759785  0.24286319897654388  0.25350660124670116  0.26488569734785877
  0.27545994396450457  0.28524861821050190  0.29486535249892332  0.30441843671724156
  0.31380143638496794  0.32269389070173371  0.33186299626729271  0.34227170338188034
  0.35266758064754639  0.36311838068193608  0.37304470106448651  0.38324540968129539
  0.39332857872471944  0.40371029330665242  0.41420422852965266  0.42483286089439437
  0.43541015552217438  0.44614095963012307  0.45691020816815842  0.46763617965462589
  0.47805934755416768  0.48802055576293996  0.49756442285298047  0.50684268715520464
  0.51597404358112720  0.52540028122600257  0.53497947108025978  0.54496514012945252
  0.55512489698329082  0.56491160003358676  0.57440563844497039  0.58413725558192586
  0.59424079938818086  0.60475153447653096  0.61483423459074271  0.62494948194924238
  0.63490472827469269  0.64476319928204562  0.65459055011258449  0.66443974407887574
  0.67452145321906987  0.68456286683027145  0.69469738986828822  0.70472741047045417
  0.71464776404634445  0.72452015435882910  0.73464739672377943  0.74405072799320737
  0.75329677654349414  0.76259009731774929  0.77271907816742136  0.78290621193981291
  0.79278326477066263  0.80223161204709237  0.81189607726230228  0.82217518629170883
  0.83258986403415058  0.84251238123861438  0.85189625250394330  0.86119207306551504
  0.87067408077441022  0.88016451289974051  0.89041949051914604  0.90032004576720037
  0.91087489521930398  0.92150784471123126  0.93311037932477092  0.94405045769622842
  0.95514570342686278  0.96392049893875520  0.96900842285776212  1.00000000000000000
 -0.00003113215462503  0.00035583537039954  0.00084858330389186  0.00158874877133952
  0.00254022429315500  0.00373438598937274  0.00513092277390029  0.00674884886360780
  0.00855860036511940  0.01053159965204566  0.01272174698337121  0.01503954799281878
  0.01748839498097251  0.02004442977063873  0.02276581726220880  0.02570873931662901
  0.02886749098597783  0.03208794794967081  0.03533350366786426  0.03861693920450956
  0.04199017925725847  0.04553025382984090  0.04933150493416198  0.05334780689198512
  0.05768150352618939  0.06227139482277969  0.06687309344394333  0.07131955803929246
  0.07573912290579456  0.08026848699216536  0.08491994981447548  0.08953348480206932
  0.09440226921670743  0.09936361844554617  0.10442791315364183  0.10964891348925905
  0.11504916175679286  0.12061455029916392  0.12681583032694332  0.13330079362334296
  0.13975781903055581  0.14618830669396676  0.15282996434152263  0.15965145091756217
  0.16667005770191204  0.17407993277886505  0.18160856464940900  0.18923695637483284
  0.19698127672524698  0.20479160672680091  0.21273910563845569  0.22077155957722508
  0.22899473561493111  0.23749933673232598  0.24620552633753057  0.25506192585513143
  0.26403057032154681  0.27317500434794834  0.28264022902256880  0.29239885079808214
  0.30236201982877636  0.31244692154871651  0.32261242485812852  0.33287562959627615
  0.34351298436610983  0.35451529830212458  0.36591647453406223  0.37766649716362111
  0.38973548987767581  0.40210293980494727  0.41486961393170502  0.42848918148523452
  0.44262922022977791  0.45750732067634692  0.47337438132977655  0.48960597291645924
  0.50628726423488646  0.52352169929306003  0.54086833786489497  0.55878372549167687
  0.57811629078251936  0.59819115103835407  0.61956119741124926  0.64234589976876666
  0.66610243349758014  0.69078982629547303  0.71731504898139942  0.74451676913513953
  0.77251238784334864  0.80157385990107322  0.83226665504902264  0.86426251421438183
  0.89788382785275755  0.93254877656401036  0.96687563054418235  1.00000000000000000
 -0.00288452436389076  0.01050145638940768  0.02198376758957635  0.03348392696268254
  0.04472708671082334  0.05598723846239849  0.06703566407227321  0.07774097029596685
  0.08880100973603477  0.09983306444533102  0.11086268790618313  0.12153581559887869
  0.13210743777617157  0.14289470655377237  0.15343508149370494  0.16389104633062657
  0.17416433892382432  0.18455331628043012  0.19517335689707901  0.20585058764965861
  0.21641602921319403  0.22704714539506515  0.23800404404450196  0.24889868968905737
  0.25932929090853979  0.26959956679527947  0.28007980784232067  0.29061057940402613
  0.30109450204615595  0.31160754807557772  0.32205665550787760  0.33264427626688836
  0.34345386625841329  0.35451229471423995  0.36565120143090563  0.37678098089892736
  0.38836407214041435  0.40023168427841477  0.41196265295820927  0.42363506464351303
  0.43493734578728366  0.44581335776117820  0.45617275556902392  0.46618916256423437
  0.47616649609787898  0.48629651881046110  0.49684360610079548  0.50776211299042273
  0.51867615416257884  0.52936260362909460  0.54000422938612269  0.54951067247588514
  0.55898713130558697  0.56834237296059653  0.57788650371732708  0.58752045625646721
  0.59685089427511429  0.60623142469251645  0.61636833090917942  0.62663429915854651
  0.63676134328948508  0.64699835814586537  0.65734318379805023  0.66782674982558432
  0.67820190121044299  0.68844383000301523  0.69864068699992266  0.70871873406841268
  0.71898793383067783  0.72953416314287833  0.74002717870524071  0.75017070306273803
  0.76053343632001036  0.77102548453129194  0.78196000959867051  0.79312650028891996
  0.80457623998417771  0.81529170237625326  0.82539022502584325  0.83537588888459791
  0.84534535473606198  0.85532474726605956  0.86518651908380728  0.87508685947675557
  0.88530788724288900  0.89527023650972759  0.90556594659375245  0.91610576207402017
  0.92751453566267439  0.93862486432502212  0.94917819123317870  0.95958296480848193
  0.96992632286263736  0.98019680984229451  0.98997888480869167  1.00000000000000000
 -0.00223486628185077  0.00939846290912497  0.01902058683892928  0.02931770635905516
  0.03969218988211778  0.05064819093046273  0.06136024866052200  0.07213499502018077
  0.08288676151656460  0.09354118520370708  0.10446880091613704  0.11572169906507458
  0.12674194732385360  0.13764382451438598  0.14877224066250172  0.16015853910502248
  0.17089604746077744  0.18089580431771710  0.19114489049950045  0.20178478526497151
  0.21228458906346473  0.22263529192247566  0.23328473165844033  0.24454040306731664
  0.25522323891806775  0.26561145457238966  0.27601875339928028  0.28637311798248927
  0.29658175739487491  0.30707525014611448  0.31794579789925198  0.32895217544348831
  0.33964678964448386  0.35061397304722636  0.36134837267825354  0.37228237687491311
  0.38299647887196375  0.39390452348168370  0.40473475597916792  0.41551575550323694
  0.42555203155303289  0.43541128790800132  0.44596548952389964  0.45689282271554793
  0.46767031871775361  0.47802649764478072  0.48864735611332255  0.49960916516389825
  0.51047339324666408  0.52128900610238571  0.53203151190158382  0.54263972698979068
  0.55302484174940936  0.56348052139846949  0.57381432305223079  0.58391604034289746
  0.59356879367893456  0.60328695142309929  0.61347574887019229  0.62383807504485722
  0.63431278797178936  0.64462320277049667  0.65487765100297113  0.66478655826462507
  0.67486380939421819  0.68506870404561282  0.69506978917543782  0.70479733207709383
  0.71487380086424845  0.72555580866080260  0.73601210676614404  0.74610481560790165
  0.75610667124751008  0.76639055413990731  0.77676978452639200  0.78687608799775788
  0.79679480143006487  0.80683919155050754  0.81749037395739610  0.82882143947870457
  0.84033201175882000  0.85184127807246690  0.86292372513868620  0.87350578048418570
  0.88376056096824396  0.89363827855624789  0.90353794454441161  0.91360715194178277
  0.92424813325319521  0.93586641005980131  0.94780448995131217  0.95897985346049541
  0.96918112795800926  0.97921581995756135  0.98965391387088841  1.00000000000000000
 -0.00237876115243988  0.00936439732184972  0.01920301189590522  0.02951219379479681
  0.03979239637399433  0.05122541034786195  0.06267935511604433  0.07373238227417213
  0.08464842400872200  0.09542144612623178  0.10603445692358143  0.11665345698985098
  0.12766120194525907  0.13891023260462032  0.14963300993906359  0.15972073477234466
  0.16953496124061210  0.17963837562382398  0.19025098507060401  0.20115389593695646
  0.21206191164910165  0.22293303288954075  0.23420448873290209  0.24585617586905043
  0.25780435786075623  0.26950979030681693  0.28055389527541041  0.29115687543358632
  0.30163979302589689  0.31239370387792881  0.32321628120964557  0.33439964071017342
  0.34554630411528514  0.35657810512863153  0.36744177380411736  0.37821825721275104
  0.38919085800902697  0.40015507983339405  0.41122784280425162  0.42245621447625370
  0.43335799497706129  0.44395839887278965  0.45451764343720463  0.46544584234224184
  0.47663750144746075  0.48759994815292268  0.49811227064933183  0.50813036027176262
  0.51810834033944964  0.52849539708216053  0.53903842850126193  0.54908350456937727
  0.55882150612819115  0.56879410558589361  0.57907728254114876  0.58921667647685649
  0.59900753279182073  0.60903122819170963  0.61949597887774088  0.63027826428164724
  0.64099985985249208  0.65130003189396479  0.66132746517405916  0.67154762110460053
  0.68189182101786072  0.69210019473614193  0.70226722324229518  0.71278324031699669
  0.72351467434781536  0.73425245214250379  0.74528471097648552  0.75640573377341125
  0.76728701673258748  0.77781959869555950  0.78839054652057694  0.79901937503103537
  0.80944555027591281  0.81974092724034631  0.83010554198702968  0.84043118317264554
  0.85094986119793614  0.86107859635124162  0.87101506674919749  0.88108482498211094
  0.89140908053809853  0.90176719712871534  0.91164134033873712  0.92161875394526371
  0.93174813316846150  0.94219687001270591  0.95216043838193221  0.96166076520419530
  0.97114055947511546  0.98054928560314303  0.99026400143812388  1.00000000000000000
 -0.00138360537978147  0.01002657904097572  0.01910413661239745  0.02863753119017467
  0.03848469141864024  0.04919523288297388  0.06059690983195107  0.07156236218350268
  0.08223361486228732  0.09315275911082062  0.10451210321378482  0.11593997921711525
  0.12732988230313222  0.13830816311835784  0.14918935875970027  0.16032926207151493
  0.17191859013323046  0.18381633292010746  0.19549206197117275  0.20680057049027956
  0.21803729445475445  0.22891150575388500  0.23981671760049655  0.25061462495200787
  0.26167381696614422  0.27253755780269845  0.28324570830185070  0.29351162011017584
  0.30353212906382082  0.31368170254116334  0.32435388502930079  0.33507544726209099
  0.34562035201170621  0.35605010621407995  0.36647578320549762  0.37671122225463616
  0.38683918109213988  0.39697073640471681  0.40696706259856308  0.41691260738339980
  0.42690190541775613  0.43669957868506487  0.44656761795807676  0.45641701364755982
  0.46651097211117165  0.47679206332349661  0.48679280451652884  0.49681042774844958
  0.50671817072059222  0.51651181575326477  0.52647336940999934  0.53668156083608465
  0.54717194635606725  0.55731585882612222  0.56696480145703376  0.57638313067744584
  0.58647743460618795  0.59708886353015023  0.60803413253474914  0.61786505587376428
  0.62764617545053369  0.63756745537608717  0.64781367142801638  0.65810272416067617
  0.66866132860545280  0.67903749453366646  0.68939372412640187  0.69983848475019272
  0.71029729827934651  0.72075061340071345  0.73161131770560484  0.74246638278569055
  0.75299861657518219  0.76325775377860672  0.77400566280311767  0.78533455991762291
  0.79701402186066295  0.80887972217827286  0.82081330519166973  0.83256308676882351
  0.84389641085468725  0.85492839296790546  0.86589997894183479  0.87689160143701605
  0.88778790373289340  0.89830304206515665  0.90845515155123935  0.91861820786495774
  0.92904455772770478  0.93948498558525195  0.94964933354928116  0.95964766868610207
  0.96977739149284325  0.98006543169699534  0.99001002196721033  1.00000000000000000
 -0.00228390077449765  0.01016946978620311  0.02069748033360868  0.03078944807386044
  0.04074413513129936  0.05092508703988929  0.06077236628790490  0.07042449165551920
  0.08004808896532199  0.09170139904530443  0.10355461719400311  0.11463285523657818
  0.12508484042595447  0.13537099786918869  0.14545510353308796  0.15564522922717319
  0.16595826146181833  0.17685731674984015  0.18753570165853611  0.19893789668338357
  0.20992055812793328  0.22039220442035642  0.23049387311924741  0.24098518956316378
  0.25115713597065842  0.26133518992133570  0.27144968462855235  0.28230974406026227
  0.29342639092927919  0.30480552010949280  0.31620864865280562  0.32742576420188052
  0.33852976476715313  0.34947493550273728  0.36035508281184958  0.37121855854307073
  0.38213200930750540  0.39324292108417408  0.40456345429642748  0.41600909825910248
  0.42691706621652059  0.43751617649037849  0.44808124298844632  0.45849496972497372
  0.46858805973979023  0.47883268784049882  0.48929939947479584  0.49956798862467189
  0.50908812816733739  0.51832077144929423  0.52822220416208343  0.53783013746821351
  0.54769476259930217  0.55742035331861106  0.56777573951230653  0.57828608561243600
  0.58862469626869240  0.59928143738153905  0.61009575612967126  0.62105624936576598
  0.63182670676001851  0.64235881392837790  0.65283547471561532  0.66295828444160243
  0.67335084405632284  0.68341074537640101  0.69395121109138147  0.70423511604634170
  0.71464615425808775  0.72492447710643337  0.73533598031376024  0.74640090169499895
  0.75741728237167538  0.76837028624133319  0.77927937975580341  0.79017684240142005
  0.80112861241364031  0.81207058338939175  0.82258506043676738  0.83266865170872950
  0.84239628772451469  0.85201330388719232  0.86195028484315583  0.87230929655618461
  0.88315836519028845  0.89359182546663585  0.90465584905737217  0.91578345729038124
  0.92622606529935325  0.93637374982858124  0.94645607281063882  0.95701708039218325
  0.96752462125340377  0.97815870972777086  0.98907991584619614  1.00000000000000000
  0.08065827337391879  0.09261663179227385  0.10351879338147865  0.11554607396708702
  0.12699856622002692  0.13681117547604676  0.14567065552565372  0.15380143935230101
  0.16139722918609492  0.16870752910859368  0.17561416391440998  0.18237945207705808
  0.18903572794436516  0.19594056234038834  0.20287665975242292  0.20988271335994629
  0.21658354205792893  0.22327071826119449  0.22975536703040719  0.23629416330106895
  0.24301966389234883  0.24984889234350630  0.25678640903192101  0.26352864914758578
  0.27014222940614435  0.27665640490449617  0.28312225727366341  0.28966801907019357
  0.29625746788664675  0.30309941146275732  0.31000138961838758  0.31684718317521360
  0.32344550280502560  0.32981814024386485  0.33636589226973090  0.34317398250417058
  0.35022861983309650  0.35741851344171832  0.36461783813083665  0.37183478895406846
  0.37898950893548583  0.38606984058928706  0.39314286081253313  0.40020016680975501
  0.40731070068618624  0.41452053944967310  0.42184453810485484  0.42940764099263207
  0.43703766628345581  0.44492678962753951  0.45310304642893018  0.46120981625616642
  0.47002348438498792  0.47863421969838049  0.48750545138581264  0.49620209500862777
  0.50485432016734422  0.51341322656839683  0.52191161055680946  0.53047739294021290
  0.53910052982276413  0.54763475240938608  0.55610386528746569  0.56472992525836996
  0.57368385836984193  0.58315087339556515  0.59284060567299124  0.60269798132867025
  0.61205005915065480  0.62136231931567931  0.63062645029230169  0.63994249379608636
  0.64914392597755943  0.65803381206516465  0.66700227171878956  0.67642393292067293
  0.68634797109611445  0.69693032145048806  0.70776896340634587  0.71875256053699155
  0.72996170687750939  0.74156395653714879  0.75330808104335134  0.76516427176091484
  0.77755996833669094  0.79031138276592605  0.80392621394197694  0.81807433532623841
  0.83330597061742351  0.84905504563207346  0.86643433467079467  0.88496406764812940
  0.90534635632088123  0.92827254839630391  0.95638210689219150  1.00000000000000000
  0.00066692798168659  0.13739729839558465  0.18108719503994472  0.20614036598298793
  0.22602595162035855  0.24377499005931805  0.25998803846485319  0.27525118744253008
  0.28937229690295330  0.30318323628565114  0.31629956477828330  0.32886234483360627
  0.34088455363840597  0.35240395660116813  0.36337640246027381  0.37404807013939195
  0.38422219239137750  0.39389494583058637  0.40331320971411144  0.41280944288005683
  0.42206510865652569  0.43103254056421164  0.43968173608256012  0.44812308300058706
  0.45649978663930318  0.46448787976182282  0.47228785834273340  0.47999439788063997
  0.48759914116367653  0.49514182376647542  0.50270615406040819  0.51029406675055067
  0.51772289513218783  0.52485968061141830  0.53191421283212725  0.53896777236112470
  0.54602666972987512  0.55296481812437637  0.55983225518092894  0.56644655055403081
  0.57273853213170578  0.57894515825640547  0.58501485188404989  0.59082963152420065
  0.59656882102111675  0.60228499949395209  0.60808552862197451  0.61394288114264672
  0.61978535651221756  0.62551838871006449  0.63132790031592689  0.63713809415331402
  0.64283726087632431  0.64834892898386065  0.65369502199349616  0.65905387120501358
  0.66444687535325431  0.66968741199649562  0.67476636528886391  0.67973632532307970
  0.68459221014154459  0.68964402274699022  0.69460313413431918  0.69964262473558314
  0.70469313752116325  0.70968308925883195  0.71459389570493004  0.71937800342933700
  0.72411599791038639  0.72891205315176044  0.73380432686349328  0.73879457482536937
  0.74386164259230048  0.74892533738315681  0.75401384122281634  0.75903712474422358
  0.76398504209908091  0.76890277268178886  0.77396297293397498  0.77901465875400366
  0.78426530078832668  0.78966722149745194  0.79515058870569244  0.80053383277007240
  0.80570192089841086  0.81080041287366256  0.81608936474976423  0.82192664601064980
  0.82814351149136634  0.83513249809938694  0.84455021676184761  0.85458736152578318
  0.86668437540509302  0.88546553068800848  0.91550911864299522  1.00000000000000000
   4.3494334758000504E-007  -1.0000000000000000     
 T T T T T T T T T T T T T T T T F F F F F F F F F F F F F F F F F F F F F F F F F F F F F F F F T T T T T T T T T T T T T T T T T T T T T T T T T T T T T T T T F F F F F F F F F F F F F F F F F F F F F F F F F F F F F F F F T T T T T T T T T T T T T T T T
  <DiscreteSampler_grid>
  grouped_processes
  1 # 1 for a reference and 2 for a running grid.
  10 # Attribute 'min_bin_probing_points' of the grid.
  1 # Attribute 'grid_mode' of the grid. 1=='default',2=='initialization'
  0.0000000000000000 # Attribute 'small_contrib_threshold' of the grid.
  0.5000000000000000 # Attribute 'damping_power' of the grid.
 # binID   n_entries weight   weight_sqr   abs_weight
    13   10   6.696101940743029E+004   9.178792188365646E+009   6.696101940743029E+004
    14   10   6.696101940743029E+004   9.178792188365641E+009   6.696101940743029E+004
    16   10   9.573728125159246E+004   1.920409198948191E+010   9.573728125159246E+004
    17   10   9.573728125159237E+004   1.920409198948188E+010   9.573728125159237E+004
    22   10   6.696101940743029E+004   9.178792188365643E+009   6.696101940743029E+004
    23   10   6.696101940743026E+004   9.178792188365633E+009   6.696101940743026E+004
    25   10   9.573728125159247E+004   1.920409198948192E+010   9.573728125159247E+004
    26   10   9.573728125159240E+004   1.920409198948189E+010   9.573728125159240E+004
    31   10   6.696101940743029E+004   9.178792188365643E+009   6.696101940743029E+004
    32   10   6.696101940743029E+004   9.178792188365639E+009   6.696101940743029E+004
    34   10   9.573728125159243E+004   1.920409198948191E+010   9.573728125159243E+004
    35   10   9.573728125159239E+004   1.920409198948188E+010   9.573728125159239E+004
    40   10   6.696101940743029E+004   9.178792188365643E+009   6.696101940743029E+004
    41   10   6.696101940743027E+004   9.178792188365635E+009   6.696101940743027E+004
    43   10   9.573728125159247E+004   1.920409198948192E+010   9.573728125159247E+004
    44   10   9.573728125159240E+004   1.920409198948189E+010   9.573728125159240E+004
  </DiscreteSampler_grid>
