 -0.00165273680174291  0.01127201992630643  0.02338621490844807  0.03847536336662043
  0.04997891132733091  0.06147453537055865  0.07125170315729469  0.08038347735949446
  0.08907818041025609  0.09801929628491424  0.10904132959856476  0.12161114174025658
  0.13425183991428360  0.14638184408944374  0.15705790993447560  0.16888245492278556
  0.17898260224299412  0.18829878108248191  0.19709820795759719  0.20494329385683058
  0.21319806231221566  0.22206849043096363  0.23092068447739691  0.24095162126065817
  0.25074393971388653  0.26119267914626570  0.27262333014188511  0.28499321295393754
  0.29902510879937660  0.31158334525378995  0.32097591131337772  0.33002538575555013
  0.33926539263965561  0.35082073275763648  0.36464647782384735  0.37919852061477394
  0.39289846581385485  0.40535503279097046  0.41820689031409380  0.42884647116766050
  0.43807144068465026  0.44582764015500137  0.45413489025621845  0.46313677573306838
  0.47540264811021898  0.48755823987175967  0.49644570114787967  0.50430203009289587
  0.51255124849981615  0.52105982903178849  0.53034959342311294  0.54067148199696147
  0.55112697028526803  0.56223279563998352  0.57318274819995141  0.58444125567345573
  0.59515925773491196  0.60557587315446804  0.61384063761024998  0.62174743608484240
  0.63168084473113761  0.64292212720744124  0.65309906141021690  0.66231111228062456
  0.67347817693174838  0.68734941707953912  0.69912031859785673  0.70936115840376579
  0.71886696661244254  0.72830611077022422  0.73953594666370359  0.75039408209789205
  0.75787784476323161  0.76521387684462050  0.77290846724268281  0.78015079715138702
  0.78823322503576032  0.79637751737966678  0.80367404921349894  0.81107369517207273
  0.82248880512034506  0.83861753349738777  0.85613069520480511  0.86928253589807536
  0.87857695942082625  0.88677331846399343  0.89498934064655622  0.90333746444718110
  0.91163981649697579  0.92045597770243670  0.93063129953456480  0.94190532012332762
  0.95668880976779369  0.97135179392978355  0.98617963707283507  1.00000000000000000
  0.00003604320517929  0.00004910892470337  0.00005607527351257  0.00006324991514744
  0.00006979071206678  0.00007578209236591  0.00008171333528921  0.00008781330617408
  0.00009385705244239  0.00009970363565335  0.00010583318396856  0.00011203622818446
  0.00011845129762110  0.00012527908276030  0.00013269592439273  0.00014008658824092
  0.00014706311281783  0.00015342730909982  0.00015971709592208  0.00016663888828457
  0.00017359905061098  0.00018090382500971  0.00018782390610939  0.00019432264412265
  0.00020060361241796  0.00020699404914487  0.00021361267891624  0.00022031805484715
  0.00022732256100297  0.00023402890261922  0.00024071208307080  0.00024795436557713
  0.00025549745503740  0.00026363900083814  0.00027175082362081  0.00028071024374099
  0.00029018070787944  0.00030005442588454  0.00031174205349517  0.00032592566328451
  0.00034011392618253  0.00035374656600700  0.00036897587361713  0.00038650841585550
  0.00040185033883453  0.00041569446844913  0.00043019169025865  0.00044754170904999
  0.00046455073920148  0.00048416685028771  0.00052566438087195  0.00056887787922640
  0.00060840149330881  0.00064796759131083  0.00068410699322691  0.00071653510953648
  0.00075371092810280  0.00079076669703067  0.00082713421642028  0.00086454790350075
  0.00090398498898700  0.00094234848796928  0.00098253756754110  0.00103263141032568
  0.00108923462695009  0.00115310396827905  0.00122027345544834  0.00129352377841818
  0.00139118572130360  0.00153701879390690  0.00163202391085593  0.00170904618187695
  0.00177411387801180  0.00183190321580958  0.00193413387742487  0.00206408615725997
  0.00223348524921078  0.00238954626445912  0.00249862405960920  0.00262885546680392
  0.00275151990200974  0.00289204440874209  0.00314686501002984  0.00351561299764149
  0.00396576656603763  0.00427392028784218  0.00448190719224070  0.00457191180782695
  0.00469146058278753  0.00481045822493368  0.00500887929575716  0.00532466497793781
  0.00580572160115298  0.00667618611387963  0.01958349271806221  1.00000000000000000
 -0.00000215201414158  0.00023069075834553  0.00115133573980473  0.00299479323843350
  0.00633901859763931  0.01009291034319335  0.01462415235008343  0.02028347687227973
  0.02720772368492623  0.03589882847786164  0.04534662095846664  0.05583994455629393
  0.06451561857133069  0.07317944108018086  0.08008518805266168  0.08762732152536326
  0.09573737007869491  0.10482793113205914  0.11329006629076530  0.12124568479065168
  0.12975083112462316  0.13872826919486400  0.14767114816703625  0.15698235198855048
  0.16636389479062116  0.17570725828958089  0.18432084514545902  0.19257605087681157
  0.20089218017682683  0.20911538674516500  0.21770952688855935  0.22775173811372332
  0.23866311559714598  0.24962445766064104  0.25970164555712538  0.26815727927053901
  0.27646640241399145  0.28446284602771527  0.29233795388151151  0.30041895047361961
  0.30904129970362587  0.31783679192653269  0.32670662386783067  0.33393881765898353
  0.34159274913100790  0.35042964192627080  0.36122489868579272  0.37254794282307324
  0.38256103670003722  0.39177775732951448  0.40115887205752915  0.41175222417221191
  0.42265280560143093  0.43355026762124649  0.44419418825512602  0.45453630369766873
  0.46451475490643185  0.47499224333187268  0.48577736947442479  0.49689949268318501
  0.50808443356775157  0.51907918777307960  0.53178752564863629  0.54469849984427854
  0.55773986852817581  0.57082760009249267  0.58290354746205464  0.59425531827996247
  0.60535190783517312  0.61679728962644897  0.62887187078807449  0.64203944250147393
  0.65533779620780497  0.66804331471027423  0.68221756746182682  0.69437328322367853
  0.70604173665457592  0.71743622103772697  0.72858599832834159  0.74001276153706852
  0.75184252603954871  0.76423413992186673  0.77693848447185965  0.79185262876907969
  0.80634099978980900  0.82136569223764333  0.83737698446911901  0.85284469900515159
  0.87051935284704951  0.88938744164083139  0.91100202010819098  0.93168008518260537
  0.94939496370379461  0.96614742138555199  0.98242788920972823  1.00000000000000000
 -0.00282152121235056  0.01560572616924485  0.02977444440400178  0.04250919503623350
  0.05373972030913214  0.06497452941248506  0.07588190394587334  0.08691200079839614
  0.10044698211161299  0.11054953211784041  0.12233871661630501  0.13316797893557675
  0.14357447482679617  0.15459515793052803  0.16535327483191944  0.17580027656038100
  0.18531705397196163  0.19416009637639142  0.20481363925079324  0.21948457951102324
  0.23653307375740004  0.25123800719214190  0.26199582822839113  0.27384695976395157
  0.28512505097682961  0.29519981167220266  0.30282011938668812  0.31116389502049308
  0.32168167134091008  0.33485542101260968  0.34824715762408881  0.36023637765127486
  0.37120930183524370  0.38044918568027492  0.38786177153190898  0.39584272213527405
  0.40472783122396022  0.41451331636726912  0.42400883430945474  0.43263564559830758
  0.44108182257937345  0.44946311503466257  0.45779321316955740  0.46599343644126434
  0.47471606538583172  0.48478055982559509  0.49565384550080788  0.50702436983473209
  0.52069484426606594  0.52897910738371279  0.53695200670018250  0.54458641979748013
  0.55120241673953618  0.55803638217569229  0.56459016901054049  0.57296977421112372
  0.58215006895897869  0.59148475633628128  0.60022856737628538  0.60969426982835706
  0.62117107477000844  0.63293935386003097  0.64278514258026564  0.65202608121189298
  0.66230114685534391  0.67301171456980236  0.68601433704594950  0.69915139065282095
  0.71023844424036164  0.71913535815668184  0.72856244884364407  0.73860707417073690
  0.75054927584578857  0.76179294905958861  0.77267115529233954  0.78296067143339476
  0.79275731937066773  0.80182248110128085  0.81049143764894271  0.81970409284997325
  0.82998597129221541  0.84000493726641401  0.85061926207886795  0.86097057962398815
  0.87059162721682959  0.87875176041560399  0.88729916394381636  0.89607539622597954
  0.90637627718741220  0.91721942366109543  0.92924905096166577  0.94335053271805103
  0.95927895038426270  0.97279161197434016  0.98621818598591049  1.00000000000000000
 -0.00147791481417284  0.00533659319420921  0.01111854504016363  0.01678731510149669
  0.02267373144199914  0.02845587569361054  0.03420565608135657  0.04040164961621734
  0.04672674184981165  0.05292477830589548  0.06017446906327997  0.06727222716691310
  0.07500713690637008  0.08363506755154483  0.09272847209482178  0.10231361775242226
  0.11288106789442898  0.12494761408932628  0.13822970975099289  0.14986857874942788
  0.16003162542809485  0.17044898609826270  0.18026780638757070  0.19074280976681832
  0.20006733896571255  0.20990695951489935  0.22112295197978138  0.23272044295820901
  0.24474354102165319  0.25683892590290192  0.26870691684472109  0.28001297939802150
  0.29015256068279821  0.29939427847389349  0.30928783503201845  0.32117888112728965
  0.33625301251692158  0.35178181290793470  0.36692077654155497  0.38068000823220244
  0.39205054697304248  0.40314931265005605  0.41394047967621550  0.42562944605845870
  0.43704176306976583  0.44992833961307316  0.46428977626520784  0.47834187155895835
  0.49134634183827669  0.50428005658627062  0.51739683725662644  0.53121797664703985
  0.54554724435270763  0.56057176616131332  0.57388991012048185  0.58712209731000653
  0.60073020479187456  0.61586141047250043  0.63379545865549070  0.65133156703354378
  0.66494241878743998  0.67837061176313118  0.69059795664207424  0.70340695512446905
  0.71781694405687557  0.73053029870167119  0.73975287642783560  0.74822253610812295
  0.75675853822901284  0.76839618464575932  0.77696712233702703  0.78587689054257459
  0.79401045665936043  0.80261992109689140  0.81056682606671071  0.81799764872931346
  0.82488829447428569  0.83206098064619871  0.84279021940143517  0.85449349849036726
  0.86706319042772650  0.88002540988211053  0.89299801934499801  0.90569851412261626
  0.91706097071726356  0.92600118523675246  0.93509042241706608  0.94419625832709486
  0.95274974919757960  0.96108025498288374  0.96742814580867476  0.97368905318523913
  0.98086572072715161  0.98862501127751945  0.99456889280142957  1.00000000000000000
 -0.00322291044324295  0.01234740439159390  0.02389820167337053  0.03545419476670963
  0.04725403684590967  0.05925828169705696  0.07237542878561087  0.08615534033131329
  0.09754182642889976  0.10816403355892028  0.11948701650559784  0.13078062991331255
  0.14078345467722889  0.14982926435370833  0.15933282951141689  0.17069487686462276
  0.18339606777447331  0.19491825314490094  0.20481787961100015  0.21436524337920129
  0.22294101760979398  0.23416509716335240  0.24608167292394598  0.25676407614131036
  0.26737100471379960  0.27829207473394235  0.29081518758802832  0.30247466903985037
  0.31225554989992960  0.32045405784735920  0.32745095326452578  0.33511882037650803
  0.34415287176489950  0.35467961354091865  0.36540851441346112  0.37837599669237193
  0.39115732678872589  0.40208647785964580  0.41178218623720897  0.41969524401798514
  0.42859526658128638  0.43789183752521016  0.44792090645702376  0.45782971056532340
  0.46829359406734078  0.47872955379117454  0.49019746979007811  0.50071917773779129
  0.50948220316437676  0.51876585272885167  0.52784000761762984  0.53714551976147329
  0.54501424696212941  0.55309123989941611  0.56283741835474010  0.57460831439400395
  0.58590911710217874  0.59610109805498490  0.60625673862334017  0.61653358411804404
  0.62743861660802347  0.63913483168062657  0.64955371304663612  0.65849980452012047
  0.66742224793908200  0.67679313199702074  0.68886526256416347  0.69816881221367122
  0.70776981730059463  0.71453659505788758  0.72158129918238911  0.72838826420429759
  0.73722018621083785  0.74538360448902752  0.75606446935108196  0.76805011661467648
  0.78023050988323417  0.79274500275102255  0.80527755000237367  0.81662248199686116
  0.82685686533796177  0.83757788829515045  0.84994397801424315  0.86053235867320377
  0.86985408129471886  0.87907288101633296  0.88755343571344369  0.89614416568942945
  0.90475398308695698  0.91531620060181162  0.92985341160549018  0.94381756584035559
  0.95742326864271288  0.97140525428138380  0.98605728445005869  1.00000000000000000
  0.00900436474460475  0.01187144751923498  0.01487419272633661  0.01874979142017771
  0.02374714758094129  0.03043623803152270  0.03780066886585685  0.04525558157200353
  0.05263664223062468  0.06008116266600037  0.06786485739995404  0.07631604747340592
  0.08590481643067858  0.09661736064433328  0.10786077316868867  0.12015817235342856
  0.13343192193548395  0.14600410097836813  0.15845153510382806  0.16966506415784155
  0.18005372337444664  0.19037607652417074  0.19983017685310753  0.20748499832230058
  0.21504424548569123  0.22333147728080063  0.23477908609668902  0.25029249580151508
  0.26236847832810850  0.27355108851085241  0.28381852200773483  0.29436962653580240
  0.30595499663798270  0.32082974433992612  0.33772596358114521  0.35434727054186321
  0.37177459382650074  0.38909818907219651  0.40450802578391681  0.41691628376202872
  0.42744231218718765  0.43759390698503320  0.44872224906915592  0.46065967127580520
  0.47423733761043119  0.48839118484764671  0.50079160689178548  0.51225267897388049
  0.52425882828231429  0.53603002620977547  0.54828658335127245  0.56090445882056295
  0.57291167262902165  0.58476522214354976  0.59610501585020204  0.60773702141268060
  0.61966847431078853  0.63314186475577838  0.64487554788720636  0.65575220344538554
  0.66716107479997211  0.67927050038518844  0.69241207444353225  0.70390990871068182
  0.71736208978138749  0.73026889045364862  0.74086161870135447  0.75083883099718296
  0.76143938070167272  0.77367181154605946  0.78623216287576891  0.79825545376970675
  0.80915070925094801  0.81959031596858278  0.82994943014407740  0.84010383052072091
  0.84996707049695830  0.86064331561865526  0.87133294546699258  0.88120295099577328
  0.89002077587369555  0.89851514287200518  0.90651504135575378  0.91534081545520740
  0.92454509314184818  0.93497563575804232  0.94398115155607776  0.95135531434686327
  0.95782699411600136  0.96434847329375351  0.97169422262422844  0.97773655623428501
  0.98312774375441636  0.98824264215632740  0.99356175104003519  1.00000000000000000
 -0.00220035748827374  0.00970484221528422  0.01946821493334164  0.03037646495031232
  0.04110119242417545  0.05341788787688505  0.06608865051601541  0.07913381336941183
  0.09230998604270660  0.10523453114351629  0.11661531897703402  0.12690663819846928
  0.13722452532923043  0.14718048097195224  0.15967400041158364  0.17236855583461824
  0.18261075945113409  0.19064755316272386  0.19718491351062903  0.20532938826382471
  0.21281852817799740  0.21918374277027206  0.22530568186346606  0.23261407985191013
  0.24023662627204392  0.24724346883867826  0.25532157996177157  0.26395366540731985
  0.27304820721898482  0.28303853159959458  0.29388496379692758  0.30550231265239403
  0.31744123524938977  0.32898903485533515  0.34075151065941645  0.35269707239316528
  0.36450008832224684  0.37600991025491037  0.38658431972822777  0.39695456287885628
  0.40778801967718353  0.41927268011329033  0.43155410633904784  0.44466267306210044
  0.45807735247232861  0.47091129774527668  0.48191614828808732  0.49238904093439134
  0.50394912031565875  0.51590211302527023  0.52671225843822889  0.53686869996689468
  0.54860673802563398  0.56237798742082867  0.57592823442453667  0.58719044421496080
  0.59758962858779863  0.60677888252655543  0.61580915104566003  0.62689334306970645
  0.63891384665668127  0.65141707402487903  0.66416430742146881  0.67659053246691969
  0.68807493215230331  0.69861268088009232  0.70997243936161114  0.72124902633836674
  0.73580321328254594  0.74758127517556672  0.75741156560654055  0.76615589563825726
  0.77531502409709252  0.78589355653012472  0.79693721424475750  0.80750431594816763
  0.81736700680503915  0.82645089348575906  0.83504556923285389  0.84430202213424599
  0.85350565373557208  0.86225299411769707  0.87451559026478598  0.88552002970318022
  0.89632535132903690  0.90709830838543803  0.91921473649276797  0.92944881867184803
  0.93942462248159164  0.94983382072734757  0.95939829309824098  0.96730755345346575
  0.97448220637474614  0.98162584022460608  0.99033772775134676  1.00000000000000000
  0.28344550815114339  0.56582224610271914  0.57600556921554158  0.58681746348265096
  0.61275872319351121  0.63501392686415614  0.64830354340796770  0.66271974784019916
  0.67320984815241769  0.67861017819183378  0.68438359543467053  0.69097993574205008
  0.69927433800451388  0.70641386667107642  0.71231788537040619  0.71800162791414901
  0.72400042709854506  0.73022726348414768  0.73601702320671525  0.74116620462793692
  0.74597413421358771  0.75082277917488172  0.75663151460753852  0.76292847082765125
  0.76838574053061859  0.77328231920439217  0.77826266633052865  0.78342675733362743
  0.78876155299388262  0.79395664087750750  0.79905407014321539  0.80380423653620392
  0.80840385311605267  0.81308732955469554  0.81697402589501700  0.82063585778996406
  0.82401013096333076  0.82723133624941536  0.83078196179062669  0.83460160596031319
  0.83860064932186495  0.84271672161211797  0.84671944987374015  0.85080894257788042
  0.85483376997098026  0.85869885564399229  0.86282247257161915  0.86681737978701423
  0.87091799858111041  0.87470129111663864  0.87820907028963380  0.88147057268728191
  0.88468307455479944  0.88776766316342670  0.89055714652598639  0.89323596931230509
  0.89592424563225648  0.89861361973417420  0.90162097123045259  0.90486429848607275
  0.90793704723701774  0.91074494081187451  0.91336109408289823  0.91597659503147744
  0.91862216053801826  0.92140279668459135  0.92440042500923358  0.92747812122248396
  0.93032110838084714  0.93256072309868743  0.93431572737412827  0.93621729747149285
  0.93827122081959813  0.94041938596734298  0.94251974788186288  0.94481700913519995
  0.94724970597685099  0.94970151341795328  0.95212423559652770  0.95452912214195407
  0.95701738609820097  0.95959592449863207  0.96249304503730937  0.96537657000321553
  0.96822849344609396  0.97101183150795467  0.97358143368673600  0.97637927881957631
  0.97896775662134905  0.98154456056070472  0.98434515247923138  0.98713576465805364
  0.99010606217755692  0.99324469363410739  0.99651854076571134  1.00000000000000000
 -0.02401500967512326  0.17515829520069143  0.20576476780711989  0.22921772614450078
  0.24985378789190818  0.27107961317729851  0.28963595636268274  0.30692500795026362
  0.32423635613666596  0.34078236499864117  0.35622380002629056  0.36733342537588276
  0.37710838908796013  0.38634363276636058  0.39573514465637932  0.40562111178738236
  0.41479939168327701  0.42319345088332827  0.43096855676229856  0.43911312788457796
  0.44670874760775142  0.45529702588267001  0.46454126643551952  0.47388281778053587
  0.48364970921818945  0.49280453483013320  0.50107157182480044  0.50906371413525775
  0.51602749442041007  0.52208112459988776  0.52737194498781248  0.53272477049686262
  0.53804005263786570  0.54397571734534156  0.55056804509834067  0.55759313507136299
  0.56444558531147015  0.57104385199771723  0.57778996715385134  0.58441066872877456
  0.59074847523895868  0.59633642099074113  0.60187575485004141  0.60751128076639582
  0.61337140255086164  0.61943941900297983  0.62538491459768641  0.63106774253466313
  0.63712328016679576  0.64331420721121768  0.64824499584251061  0.65281015908082951
  0.65760432100037813  0.66258309192984544  0.66763448896201005  0.67206544697706683
  0.67650180737149179  0.68084704303546262  0.68525806968475056  0.68993938847568959
  0.69476526255612081  0.69948763935939196  0.70407951296686599  0.70862243736672326
  0.71363277594665164  0.71896652742264688  0.72414633728242250  0.72906714892071911
  0.73384752414243126  0.73871153989085203  0.74393382471285729  0.74984256699563434
  0.75445542297466950  0.75829894013288213  0.76220339445371343  0.76658703262215533
  0.77217396673084648  0.77641039638791798  0.78032718433438097  0.78451024142078385
  0.78938010309980200  0.79405836402947139  0.79847335691621513  0.80252230884163434
  0.80640803968820907  0.81038809295180481  0.81513195021622320  0.82060852142313712
  0.82686215698085685  0.83403137464177290  0.84667658566733728  0.85913813668250238
  0.87149681104466548  0.88444226472145548  0.99058778219139920  1.00000000000000000
   3.1766686202043365E-010  -1.0000000000000000     
 T T T T T T T T T T T T T T T T F F F F F F F F F F F F F F F F F F F F F F F F F F F F F F F F T T T T T T T T T T T T T T T T T T T T T T T T T T T T T T T T F F F F F F F F F F F F F F F F F F F F F F F F F F F F F F F F T T T T T T T T T T T T T T T T
  <DiscreteSampler_grid>
  grouped_processes
  1 # 1 for a reference and 2 for a running grid.
  10 # Attribute 'min_bin_probing_points' of the grid.
  1 # Attribute 'grid_mode' of the grid. 1=='default',2=='initialization'
  0.0000000000000000 # Attribute 'small_contrib_threshold' of the grid.
  0.5000000000000000 # Attribute 'damping_power' of the grid.
 # binID   n_entries weight   weight_sqr   abs_weight
    13   10   3.238763125947229E-004   4.018923688701937E-007   3.238763125947229E-004
    14   10   3.238763125947222E-004   4.018923688701911E-007   3.238763125947222E-004
    16   10   5.318216440494313E-004   2.558186922532358E-006   5.318216440494313E-004
    17   10   5.318216440494302E-004   2.558186922532346E-006   5.318216440494302E-004
    22   10   2.018216977960340E-004   1.667672182984680E-007   2.018216977960340E-004
    23   10   2.018216977960341E-004   1.667672182984680E-007   2.018216977960341E-004
    25   10   4.095331251778650E-005   5.656670808451481E-009   4.095331251778650E-005
    26   10   4.095331251778655E-005   5.656670808451487E-009   4.095331251778655E-005
    31   10   2.018216977960340E-004   1.667672182984680E-007   2.018216977960340E-004
    32   10   2.018216977960341E-004   1.667672182984680E-007   2.018216977960341E-004
    34   10   4.095331251778648E-005   5.656670808451476E-009   4.095331251778648E-005
    35   10   4.095331251778652E-005   5.656670808451484E-009   4.095331251778652E-005
    40   10   3.238763125947229E-004   4.018923688701934E-007   3.238763125947229E-004
    41   10   3.238763125947222E-004   4.018923688701911E-007   3.238763125947222E-004
    43   10   5.318216440494314E-004   2.558186922532359E-006   5.318216440494314E-004
    44   10   5.318216440494302E-004   2.558186922532346E-006   5.318216440494302E-004
    49   10   3.238763125947227E-004   4.018923688701932E-007   3.238763125947227E-004
    50   10   3.238763125947222E-004   4.018923688701914E-007   3.238763125947222E-004
    52   10   5.318216440494317E-004   2.558186922532361E-006   5.318216440494317E-004
    53   10   5.318216440494302E-004   2.558186922532346E-006   5.318216440494302E-004
    58   10   2.018216977960340E-004   1.667672182984680E-007   2.018216977960340E-004
    59   10   2.018216977960341E-004   1.667672182984680E-007   2.018216977960341E-004
    61   10   4.095331251778649E-005   5.656670808451481E-009   4.095331251778649E-005
    62   10   4.095331251778654E-005   5.656670808451486E-009   4.095331251778654E-005
    67   10   3.238763125947227E-004   4.018923688701932E-007   3.238763125947227E-004
    68   10   3.238763125947223E-004   4.018923688701914E-007   3.238763125947223E-004
    70   10   5.318216440494314E-004   2.558186922532359E-006   5.318216440494314E-004
    71   10   5.318216440494300E-004   2.558186922532345E-006   5.318216440494300E-004
    76   10   2.018216977960340E-004   1.667672182984680E-007   2.018216977960340E-004
    77   10   2.018216977960341E-004   1.667672182984681E-007   2.018216977960341E-004
    79   10   4.095331251778650E-005   5.656670808451481E-009   4.095331251778650E-005
    80   10   4.095331251778655E-005   5.656670808451487E-009   4.095331251778655E-005
  </DiscreteSampler_grid>
