  0.02143202416024004  0.04053442515487015  0.05330553069337331  0.06373447708323916
  0.07364890645559109  0.08315353526204509  0.09283565581960347  0.10254027206454951
  0.11140921680068347  0.11953888983353091  0.13001541887934398  0.14148265242699853
  0.15300218200456747  0.16421712166891275  0.17509740344977986  0.18682161570648553
  0.19948583003053982  0.21159616784663274  0.22381761250708257  0.23225938471811405
  0.24139931143897694  0.24884988407895833  0.25517062101579069  0.26084017128620618
  0.26824827725494660  0.27761702175880149  0.28665714183299301  0.29650906234160834
  0.30702126863653939  0.31680190629153848  0.32448290997300883  0.33060513153429127
  0.33611549046082173  0.34537529722261112  0.35834919242108637  0.36850314126921213
  0.37968885905887673  0.39062316753259596  0.39992460293165594  0.40768844501980822
  0.41848808749546973  0.42878103335152201  0.43748960098310974  0.44749608873961777
  0.46018880198286272  0.47368642091674462  0.48518136203730178  0.49597305132924197
  0.50851875683213565  0.52302060825844476  0.53696756578423221  0.54977391109007601
  0.56027659086301729  0.56916066333090065  0.57749206449018553  0.58555018123023261
  0.59517690067067008  0.60033325865193887  0.60398589428343208  0.60843946386693504
  0.61425573460325300  0.61987722565639602  0.63304453649677461  0.64881535074088170
  0.66434137972885443  0.67843151528642964  0.68976119074073694  0.69877864839296944
  0.70810097676962358  0.71820965153640326  0.72852821013227143  0.73885907675957840
  0.74937323150350665  0.76021156859830374  0.76905246276009498  0.77769769258576082
  0.78840656667123565  0.79926853164511491  0.80978076924464082  0.82293928920665693
  0.83817990376909324  0.85351717974636632  0.86895605638969498  0.88307408217635863
  0.89506621304275902  0.90515113276268200  0.91430849560769700  0.92148415928229810
  0.92797830799595515  0.93595311104022927  0.94352078960044039  0.95066640647407286
  0.95773318542552655  0.96477998483436411  0.97090881666339002  1.00000000000000000
 -0.00000681538611377  0.00006494155573801  0.00007871545505547  0.00008405799632523
  0.00008784066339289  0.00008987668989111  0.00009059989210604  0.00009110104273631
  0.00009136261575688  0.00009153625190366  0.00009168546464605  0.00009180280571673
  0.00009189071966308  0.00009195948508715  0.00009202072537456  0.00009207440983305
  0.00009212245256717  0.00009216043987699  0.00009219234811186  0.00009222105217424
  0.00009224410826380  0.00009226066646548  0.00009227552716797  0.00009228925077801
  0.00009230173715607  0.00009231281557590  0.00009232243939180  0.00009233138475799
  0.00009233974046887  0.00009234783570224  0.00009235483670773  0.00009236098016278
  0.00009236702039444  0.00009237233717124  0.00009237647310047  0.00009238064627765
  0.00009238474711928  0.00009238798505804  0.00009239094117872  0.00009239346979113
  0.00009239596560930  0.00009239844627368  0.00009240083180953  0.00009240320351806
  0.00009240553618214  0.00009240803676079  0.00009241076500294  0.00009241414825945
  0.00009249632052790  0.00009250071137885  0.00009250446607008  0.00009250794337808
  0.00009251090898552  0.00009251385171740  0.00009251691587867  0.00009252000169715
  0.00009252326362636  0.00009252679445806  0.00009253087064021  0.00009253511087168
  0.00009253945123428  0.00009254465335370  0.00009255035027195  0.00009255679891335
  0.00009256379303863  0.00009257110180755  0.00009257879936527  0.00009258736992951
  0.00009259770217257  0.00009260988008937  0.00009262435546261  0.00009263991066311
  0.00009265695830920  0.00009267476886443  0.00009269284476801  0.00009271340696344
  0.00009273875529465  0.00009277157626306  0.00009280860213817  0.00009285743129571
  0.00009291814615262  0.00009299763997326  0.00009309116886039  0.00009319905530887
  0.00009332325992877  0.00009346941980707  0.00009365485191803  0.00009393760023014
  0.00009425927900816  0.00009483749817751  0.00009628999035307  0.00009964661845637
  0.00010600496466789  0.00013264896447046  0.03783318221132687  1.00000000000000000
 -0.00009359987849531  0.00104978309872643  0.00332813242942688  0.00500748199155989
  0.00680894414069886  0.00964262161370428  0.01100481500171858  0.01232631392841587
  0.01407387170325553  0.01639251796417494  0.01892842119354756  0.02195206284644031
  0.02476394799459017  0.02865875336222592  0.03266084747880036  0.03664036859970762
  0.04046638871930616  0.04389263331691755  0.04995188074065125  0.05591364517297955
  0.05962355877917299  0.06487994826743428  0.07006306180241444  0.07485774770896975
  0.07908219935317436  0.08352056267886103  0.08712836747532973  0.09052679955508122
  0.09487406850733442  0.09998273725073556  0.10376317714323199  0.10762046730199737
  0.11265268585867468  0.11799127291003567  0.12267157609756629  0.12646474590260909
  0.13078581229415340  0.13522736451921602  0.13920497305689236  0.14373235416113989
  0.14736375076393890  0.15032022152699756  0.15341158946105649  0.15780024197639958
  0.16257496348905343  0.16680529835214963  0.17407515953997008  0.18320682330858931
  0.19195403995456142  0.19887486855484612  0.20626529401262136  0.21401186517941417
  0.22154072005954223  0.22862304623262666  0.23576816992915800  0.24323979633329285
  0.25055600118068588  0.25804466380604418  0.26717708538775009  0.27727253048723238
  0.28713716380814536  0.29769441765222476  0.30871695679704725  0.31975421128253828
  0.33113008715738063  0.34172879358009528  0.35472033004904713  0.36832481192998390
  0.38296731528431033  0.39771463090736492  0.41174284659262811  0.42513786458206093
  0.44035873089058469  0.45806355808097576  0.47542508085195062  0.49265850222309282
  0.51117914654701091  0.53111831578605118  0.54949356401584071  0.56844673688284231
  0.58693709601723665  0.60576670784278730  0.62766808546915054  0.65145340643343508
  0.67024158242895759  0.68908203167401927  0.70956204759835562  0.72787135514766133
  0.74524480482653666  0.76623712212195616  0.79816456970490324  0.83834269437805420
  0.87598939659542940  0.91647681835229733  0.95787984490019840  1.00000000000000000
 -0.00400835065055425  0.01068560771387525  0.02240232764392774  0.03172796498166741
  0.04030418059595081  0.04900742493324270  0.05699873123724948  0.06553566539141867
  0.07533922689250733  0.08699849276890259  0.10078465027234651  0.11547398696606291
  0.12910837351356214  0.14045865954110817  0.15071090447996177  0.15943191154428518
  0.16552460573886607  0.17068361699150569  0.17658115364538637  0.18281602331569530
  0.18970821832248064  0.19821609730036066  0.20536073347334319  0.21233807880755465
  0.22061965738346540  0.22896140608018875  0.23823503288043135  0.24878702256281357
  0.25791697977014588  0.26445438394141813  0.27403856633782253  0.28269245062534432
  0.29013842879146290  0.29805709406173270  0.30536006373382957  0.31229854417986419
  0.32132509952090904  0.33364720676406856  0.34699950084627368  0.35941256618066852
  0.37082581064632741  0.38200006896307392  0.39359213152788519  0.40652084336470623
  0.42016987926845067  0.43078876276534583  0.43785589790135043  0.44777946394212026
  0.45835188151117462  0.46787960780154242  0.47597486117602161  0.48527295477738847
  0.49973688328700988  0.51765345523595485  0.53429663510819503  0.54981571947367835
  0.56524729227391390  0.58009302684524733  0.59279689777558298  0.60372951298140998
  0.61500562027680072  0.62593293603910705  0.63534305818249615  0.64246878315274158
  0.64888092068273628  0.65700203883648711  0.66542057165063717  0.67550651414100427
  0.68546489356470963  0.69482154527716533  0.70319863072045108  0.71062255367497218
  0.71754844502282378  0.72559145329784647  0.73637365904776664  0.74918169676691382
  0.76289575827187606  0.77784658596760636  0.79437816721444343  0.81133586624979759
  0.82610294748832691  0.83803739908149055  0.84765906876785535  0.85697788946986286
  0.86652960948308710  0.87640199685105724  0.88924408106843500  0.90588347788059664
  0.92205264796297537  0.93262920623984746  0.94178280003398229  0.95006235841555675
  0.95906283233336931  0.96875816736264475  0.98151822246571097  1.00000000000000000
 -0.00283919227326308  0.01137790855658726  0.01729801998259426  0.02482345218306849
  0.03419797843878949  0.04491971250964556  0.05726723805019723  0.06845533441818427
  0.08101166249078126  0.09560869544611167  0.10938776449759935  0.12375477809652341
  0.13830509683067635  0.15195353466927319  0.16445848332321020  0.17665442027362629
  0.18669362134904874  0.19669910025684986  0.20726573438993745  0.21852771968135204
  0.23121440257014697  0.24395024840584392  0.25637562214307386  0.26739858540865513
  0.27678794199224493  0.28492161330258919  0.29250529355836707  0.29963993328486810
  0.30577119409236070  0.31112516199267509  0.31692131358490189  0.32408838793966227
  0.33375145201133261  0.34499719265650153  0.35590326600030642  0.36714583691022812
  0.37772451327446521  0.38749437809091108  0.39794152537747979  0.40919574510616780
  0.41807316492463581  0.42343378123745928  0.42978344569025567  0.43704863680794492
  0.44461265043253079  0.45200199211469100  0.45950880155557661  0.46751787043136822
  0.47529987005012475  0.48116285793255531  0.48824327266875456  0.49764467551173569
  0.51123462269679043  0.52717986771371217  0.54395809505248982  0.55867707909406572
  0.56691511800160532  0.57482561635535168  0.58285689379469485  0.59025108119511149
  0.59741573611262289  0.60665193686200369  0.61701398519421824  0.62532995562684734
  0.63343263548694340  0.64200974453431914  0.65333072413830962  0.66570482363814154
  0.67916725151954793  0.69209634327350866  0.70463735736241262  0.71731777167805910
  0.73064486246556404  0.74483994614793325  0.75917315378460970  0.77136735262554512
  0.78167973751534658  0.79299153614990936  0.80485485081182784  0.81427323656712902
  0.82156516458258644  0.83184244777029559  0.84274733120027789  0.85274387260847639
  0.86121744063042127  0.87300241206062490  0.88424666166311738  0.89465872395044732
  0.90548339456368365  0.91783504541303040  0.93325197069011279  0.94962088760965413
  0.96434625503668203  0.97736302347003590  0.98876548603994041  1.00000000000000000
 -0.00470351188535315  0.01030675491917980  0.02870040074958494  0.04295220291331787
  0.05282424460370248  0.06235458835724532  0.07055908262382934  0.07818882683745447
  0.08762712020228060  0.09600709407642354  0.10182689635930221  0.10681451257777022
  0.11326998960736545  0.11929350938780492  0.13134218087642346  0.14437097097151522
  0.15450387803980281  0.16232820519316923  0.16925034114027562  0.17532123894139473
  0.18034169576040243  0.18486884507801879  0.19011767385879430  0.19508087446877057
  0.19989997459887920  0.20483272738523306  0.21057595669031301  0.21770349018181784
  0.22571993900223816  0.23282458965988834  0.23887720328383652  0.24617629448460365
  0.26234726106090483  0.27435467326085794  0.28186466538131494  0.28862771890135819
  0.29847986681266420  0.31473884081158437  0.33184213967817522  0.34890400866062160
  0.36528858487982352  0.38016271509501048  0.39310121184008362  0.40488103749510052
  0.41638798874295518  0.42810115530407822  0.44012058143253829  0.45202124729001159
  0.46456196809313666  0.47802051198660739  0.49198977274873934  0.50629800893940169
  0.51987951248238606  0.53192565169877049  0.54319321402185283  0.55412802705940845
  0.56450944364901456  0.57564343829124531  0.58872858735610889  0.60309074975171950
  0.61158914785607565  0.61916229622307717  0.62786663197908865  0.63729929294347287
  0.64912108687092307  0.66510267408222679  0.68526547404192617  0.69954948252556770
  0.71284187119672748  0.72431261360546706  0.73353420778568135  0.74374712361520923
  0.75497539394152269  0.76412189309964640  0.77129187301696078  0.77992189362142161
  0.79021744183558051  0.80120377033544299  0.81310798223735514  0.82255090054159741
  0.83165436163642459  0.83964202858790837  0.84700704619988254  0.85450137118807479
  0.86337915744814342  0.87528079553067739  0.89061583126208732  0.90345562595518769
  0.91628370553840732  0.92905673073893968  0.94096640549858845  0.95218654333810049
  0.96370992192109650  0.97542593857184035  0.98789826495750621  1.00000000000000000
 -0.00310894219055766  0.01376032463150460  0.02421561119193633  0.03425349698301086
  0.04483672196492215  0.05534128291079521  0.06586955009651457  0.07664082289599890
  0.08980538080439369  0.10353299536447601  0.11454541334899872  0.12304307454067635
  0.13026849213179367  0.13666106000416117  0.14363159745024734  0.14981627319532312
  0.15516693406553633  0.16507671788277500  0.17555121683815214  0.18605106661088261
  0.19542067225489093  0.20287181207755298  0.20871948818758704  0.21316500140412109
  0.21866321761390578  0.22657053546209854  0.23409922420702423  0.23974474951528313
  0.24923724461942129  0.25976231252097837  0.27123960754429000  0.28322419420425121
  0.29519550771967201  0.30705075972140922  0.31930964477779272  0.33282247393638559
  0.34690949697880941  0.36174622239736731  0.37498084575723645  0.38577531236245233
  0.39819868072378356  0.40993466354684116  0.42162315966576663  0.43130069689564626
  0.43951972821261021  0.45272537329838730  0.46733849299357183  0.47965619786752400
  0.48907643791621780  0.49624282145349558  0.50239206056220709  0.50788883577676591
  0.51325952567126143  0.51992457132414305  0.52622410236840567  0.53277805887443064
  0.53860214724034872  0.54777932253994699  0.56316740843041524  0.57646900545729329
  0.58685454175411589  0.59173169739285814  0.59574543735457064  0.60086648043989754
  0.60929540112014924  0.61934738942887158  0.62871515559104674  0.63733405177306846
  0.64709513409828856  0.66070122940128484  0.67500519790502966  0.68807159445832133
  0.69865366837572707  0.70913901810442748  0.71976382437241426  0.73073469678618030
  0.74224688066130684  0.75595531577851394  0.77317328789973006  0.79339341828371202
  0.81206292685040904  0.82850040060612951  0.84379322717858318  0.85964725841552803
  0.87524457026594338  0.89059791665802579  0.90480188140095141  0.91721953184664118
  0.92899028276871642  0.94026064820225552  0.94890173373112197  0.95733764535046928
  0.96658922921755563  0.97622453645035745  0.98399295551177390  1.00000000000000000
 -0.00198031413146430  0.00720771202736629  0.01695645175466129  0.02676660515276520
  0.03828162712608101  0.05253969556849800  0.07081931881478204  0.09150340727495984
  0.11027870783131132  0.12509741713654723  0.13772962288393273  0.14789044806824170
  0.15504403847514103  0.16128466746200562  0.16835050258059325  0.17498186572496430
  0.18053932769236877  0.18557117051391184  0.19183487631400331  0.20312842334397094
  0.21543869803562199  0.22755593282892961  0.24067699071975149  0.25531198899022933
  0.27067150295680209  0.28525966005253806  0.29932401021067762  0.31316732484732329
  0.32584892427953654  0.33704474043348348  0.35072443969951506  0.36675384669971300
  0.38012088958005757  0.39380144915543158  0.40602762429634637  0.41723594313945656
  0.42782852283537648  0.43820468840137383  0.44808432521208286  0.45725774913856632
  0.46589241063012715  0.47545894317965270  0.48686429086040650  0.49897029872661769
  0.51257392563343163  0.52833135610260107  0.54548986453697390  0.56109243092242267
  0.57172066887853656  0.58133250152347160  0.59066016308776326  0.60024947995061262
  0.61089244009347443  0.62346053288447734  0.63538487736182503  0.64719635605774040
  0.65850911759317521  0.66825000950709212  0.67596975640371726  0.68377038960979242
  0.69059994691338233  0.69585056579032090  0.70375434488570265  0.71258988164741421
  0.72223935937958295  0.73284275235331342  0.74292968960205497  0.75527752815699267
  0.76776326152332497  0.77778256117194022  0.78460576572407348  0.79196060212159458
  0.79984927246968018  0.80847459504328278  0.82440089938510852  0.83542450308615923
  0.84251627213066438  0.85010464953424913  0.85711970568635709  0.86311118642322548
  0.86839577491864672  0.87367741039271907  0.88030087549368485  0.88789147323166595
  0.89438532157942852  0.90824921623274513  0.92175561519249416  0.92877459051982358
  0.93811314002881319  0.94857949495906058  0.95911799307975676  0.96688915018876842
  0.97148947114489048  0.97558922652782731  0.98625751332715716  1.00000000000000000
  0.14709466868844823  0.64652279833614845  0.69813866109439238  0.70472674740666963
  0.70806339473890312  0.71095255743468200  0.71394633019083209  0.71708168952356977
  0.71992399096050319  0.72241811090635855  0.72466985965184860  0.72676919979389321
  0.72871111879859529  0.73092348261007489  0.73309755752229189  0.73498761619437680
  0.73665295430789479  0.73857411152339536  0.74104464238792622  0.74334522604940589
  0.74527041379496728  0.74717724710036526  0.74930803361692089  0.75171242977918062
  0.75426631065263727  0.75648332747676428  0.75838499303033491  0.76029005936537652
  0.76227856776165237  0.76434108462543626  0.76651047291806984  0.76891902095691000
  0.77166965486070460  0.77455614237717640  0.77735975476487995  0.78020871236726497
  0.78326870631097367  0.78575347918545746  0.78805260866443672  0.79064912710151170
  0.79345967129795070  0.79645124508855414  0.79917884309667719  0.80188770318957669
  0.80481498247048322  0.80751221860692346  0.80984592528642441  0.81175117147545450
  0.81362668066448129  0.81589722176261537  0.81835371765777176  0.82087376143746038
  0.82366273912013988  0.82664419103080822  0.82916240533437313  0.83128554876174843
  0.83330115339436062  0.83575097204882520  0.83820518462606131  0.84035563623792686
  0.84240585817265412  0.84401947994765614  0.84545546219083023  0.84657556209342710
  0.84844130136528306  0.85124921990332292  0.85389327908830148  0.85637097366800330
  0.85926354160705831  0.86203719179088845  0.86474735790550972  0.86774660444532825
  0.87105861361158676  0.87475530056705286  0.87858227761936691  0.88208355443887931
  0.88499959798344097  0.88740648912264652  0.88972589496010379  0.89283347795645329
  0.89663035413830172  0.90018812600065923  0.90367660284354334  0.90723449455842742
  0.91079686766660872  0.91449296273142389  0.91871154890548146  0.92341055338975531
  0.92885313772724543  0.93524316268847818  0.94091666158076226  0.94698407885419011
  0.95619007856716842  0.96401424297859195  0.97214231672241447  1.00000000000000000
  0.02065821504607445  0.19130776907398064  0.22374865080783227  0.23568140762202600
  0.25270571086379873  0.27179272709502700  0.28685392387761455  0.30217689652570029
  0.31898314511002979  0.33568285237468226  0.34942549639167003  0.36002964163235723
  0.36822635616707694  0.37362992460273065  0.37876393429612626  0.38539784534056193
  0.39188800341675040  0.39634665039289096  0.40197036822995746  0.41035575119743212
  0.41686861545069520  0.42040134502722937  0.42457045981988406  0.43055097255131419
  0.43767341254751718  0.44873814198531875  0.45974529524725682  0.46934181200554476
  0.47794590750419735  0.48520315007315085  0.49007305916679028  0.49453143532694027
  0.49956477382843040  0.50810667576458179  0.51700360165556136  0.52307063347168536
  0.52748904737976543  0.53134889875882141  0.53567056545347058  0.54166858144312857
  0.54903031551275772  0.55735275589899069  0.56510991726657689  0.57280484706232060
  0.58050057023349511  0.58791658822715986  0.59527521048761123  0.60323079107548694
  0.61217872790301497  0.62025361409665369  0.62705577026200621  0.63356069469835841
  0.63954012476691968  0.64539853980125905  0.65131787556634513  0.65705665392145784
  0.66276208380742374  0.66753713014307670  0.67208118203823120  0.67662592686655398
  0.68112984274630595  0.68549894544970436  0.68958019272156579  0.69348163047315015
  0.69750797027981637  0.70222931203419736  0.70781710848040547  0.71377169028646481
  0.71967720571396843  0.72550048596635552  0.72979606340853775  0.73172354773534021
  0.73332074920668955  0.73535495394093120  0.73758943916451902  0.74034576582801370
  0.74319946741362508  0.74572052892556162  0.74829483703349808  0.75127268706236394
  0.75474040832150435  0.75920781797966663  0.76454587418815367  0.77111107851992799
  0.77857704225651625  0.78327515063453357  0.78774287518850084  0.79242405884975287
  0.79733743191208617  0.80303132710223213  0.81010022899067624  0.81841478335653106
  0.82892894664655381  0.85256308239621614  0.92628154119810824  1.00000000000000000
   1.2677983551094075E-008  -1.0000000000000000     
 T T T T T T T T T T T T T T T T F F F F F F F F F F F F F F F F F F F F F F F F F F F F F F F F T T T T T T T T T T T T T T T T T T T T T T T T T T T T T T T T F F F F F F F F F F F F F F F F F F F F F F F F F F F F F F F F T T T T T T T T T T T T T T T T
  <DiscreteSampler_grid>
  grouped_processes
  1 # 1 for a reference and 2 for a running grid.
  10 # Attribute 'min_bin_probing_points' of the grid.
  1 # Attribute 'grid_mode' of the grid. 1=='default',2=='initialization'
  0.0000000000000000 # Attribute 'small_contrib_threshold' of the grid.
  0.5000000000000000 # Attribute 'damping_power' of the grid.
 # binID   n_entries weight   weight_sqr   abs_weight
    13   10   1.343323583721145E-003   1.766394318292193E-005   1.343323583721145E-003
    14   10   1.343323583721145E-003   1.766394318292195E-005   1.343323583721145E-003
    16   10   1.334802385732606E-003   1.738498877691274E-005   1.334802385732606E-003
    17   10   1.334802385732604E-003   1.738498877691270E-005   1.334802385732604E-003
    22   10   1.343323583721145E-003   1.766394318292195E-005   1.343323583721145E-003
    23   10   1.343323583721146E-003   1.766394318292196E-005   1.343323583721146E-003
    25   10   1.334802385732606E-003   1.738498877691274E-005   1.334802385732606E-003
    26   10   1.334802385732605E-003   1.738498877691271E-005   1.334802385732605E-003
    31   10   1.343323583721145E-003   1.766394318292195E-005   1.343323583721145E-003
    32   10   1.343323583721145E-003   1.766394318292195E-005   1.343323583721145E-003
    34   10   1.334802385732606E-003   1.738498877691275E-005   1.334802385732606E-003
    35   10   1.334802385732605E-003   1.738498877691271E-005   1.334802385732605E-003
    40   10   1.343323583721145E-003   1.766394318292195E-005   1.343323583721145E-003
    41   10   1.343323583721146E-003   1.766394318292196E-005   1.343323583721146E-003
    43   10   1.334802385732606E-003   1.738498877691275E-005   1.334802385732606E-003
    44   10   1.334802385732605E-003   1.738498877691271E-005   1.334802385732605E-003
  </DiscreteSampler_grid>
