  0.00000094864138470  0.00000168362358591  0.00000233201406568  0.00000318264251341
  0.00000402904169982  0.00000476428077784  0.00000542539915089  0.00000609323605973
  0.00000684594971550  0.00000781759017810  0.00000907980186704  0.00001020238232867
  0.00001111644883646  0.00001200945136512  0.00001301779695941  0.00001416195024882
  0.00001518352720846  0.00001616383845653  0.00001716134855915  0.00001813603240721
  0.00001912464949833  0.00002013761411994  0.00002110808271644  0.00002198322720181
  0.00002283559177359  0.00002363714144549  0.00002439840361064  0.00002511185124645
  0.00002589137620640  0.00002664564004476  0.00002738548397629  0.00002810468805458
  0.00002878542358239  0.00002941109118367  0.00002992621341231  0.00003043659982676
  0.00003092631509598  0.00003140413431809  0.00003185800847859  0.00003228260990676
  0.00003268756838021  0.00003307693833149  0.00003343845834097  0.00003380862286361
  0.00003418305042797  0.00003456002516134  0.00003493460488671  0.00003536971974760
  0.00003583673237369  0.00003632541094144  0.00003697093533497  0.00003790724033777
  0.00006207044111860  0.00006308720535846  0.00006394622661046  0.00006470839050472
  0.00006551292420057  0.00006635088980389  0.00006733156747136  0.00006845927924585
  0.00006964168952672  0.00007064770674835  0.00007166155795648  0.00007286630556158
  0.00007412946135773  0.00007551927012506  0.00007725302353712  0.00007920535538773
  0.00008126566900382  0.00008342795883187  0.00008612951249832  0.00008859630136465
  0.00009104428508271  0.00009370966953858  0.00009719278596376  0.00010271815296963
  0.00010952644786237  0.00011436854925239  0.00011921201412569  0.00012445558925013
  0.00013025877577118  0.00013764470396871  0.00014738703601099  0.00015780006670344
  0.00016865554317235  0.00018435003499136  0.00020400771053125  0.00023000248034842
  0.00026584839718824  0.00032067800526731  0.00046011350387188  0.00070578175806296
  0.00109202994620897  0.00190899562345930  0.07195134197019541  1.00000000000000000
  0.00000431621090230  0.00001924569587374  0.00002749072246968  0.00003381712540293
  0.00003995518317596  0.00004522970093458  0.00005020837453580  0.00005462145614327
  0.00005867628580507  0.00006234926383039  0.00006566116220752  0.00006900139635515
  0.00007289585486007  0.00007718859822140  0.00008130629352051  0.00008528968331159
  0.00008890877804243  0.00009235778197974  0.00009587901285307  0.00009991288255029
  0.00010500901209532  0.00011052198939436  0.00011605287261586  0.00012176923359849
  0.00012739763170185  0.00013248212306439  0.00013705517192271  0.00014186345388925
  0.00014696206363198  0.00015232288429158  0.00015786235610791  0.00016336112586100
  0.00016908271948002  0.00017548347282483  0.00018153572931920  0.00018727457441949
  0.00019405850234863  0.00020200105770696  0.00020993934713107  0.00021765839478352
  0.00022581381979593  0.00023548112998994  0.00024497429050436  0.00025452176060711
  0.00026512285053046  0.00027674283221439  0.00028950963748939  0.00030433349299894
  0.00032280530145314  0.00034560591055277  0.00036988680678477  0.00039300495618723
  0.00041705078079922  0.00044474509655628  0.00047160508727066  0.00049909142602483
  0.00052612034097502  0.00055138348405723  0.00058177169417427  0.00061402521125093
  0.00064846831031807  0.00068962886240832  0.00072742300389857  0.00076012944047332
  0.00078788864878170  0.00081216081653358  0.00084187293498886  0.00087733931093444
  0.00090533306973361  0.00093390721705213  0.00096312253890250  0.00099254527108849
  0.00102761795163061  0.00107150787595127  0.00111366909676773  0.00116001693976590
  0.00122266014365836  0.00132343800349119  0.00142918193066420  0.00155274366888942
  0.00171777871506727  0.00187013876881620  0.00201565976560389  0.00217244031044935
  0.00232756200633850  0.00247847137946676  0.00268045709948665  0.00295800914627864
  0.00328582408406864  0.00388461400770446  0.00460763201217504  0.00546192477874711
  0.00669011504189931  0.00908126826086659  0.12791785424183694  1.00000000000000000
 -0.00000155780031674  0.00013519040248095  0.00080505272997809  0.00174435964168970
  0.00313332308353213  0.00549106399481671  0.00785503030640935  0.01056170631489795
  0.01386220993534841  0.01778374716776351  0.02202979174300991  0.02669953028719178
  0.03251847563065499  0.03866524685034185  0.04460739408324371  0.05042509698383858
  0.05627322938082354  0.06171119147161027  0.06733161745702142  0.07328556217686986
  0.08161264903724039  0.08891862421102865  0.09570245437270011  0.10274004793176071
  0.11061412732841307  0.11866572816516238  0.12662908416175989  0.13460433554941309
  0.14282091770768321  0.15115416186412725  0.15945407877907752  0.16811626706088870
  0.17749370699007788  0.18749845152966238  0.19873657685389903  0.21044291324463862
  0.22074746249169833  0.22749873584767666  0.23455703120432403  0.24217893318723016
  0.24983546501678275  0.25959807938670149  0.26908182390523050  0.27818557075212652
  0.28698862018433280  0.29499930606956676  0.30276616935544454  0.31094100239719719
  0.32040301817852046  0.33065618285209997  0.34075611507981718  0.34992406124202818
  0.35931491881821548  0.36829697742286227  0.37785633816568487  0.38836213125526919
  0.39960967432393107  0.41167829761893326  0.42407948555731850  0.43600360658174292
  0.44678661163607841  0.45532892106039607  0.46386558155638319  0.47385630309886029
  0.48530844539442131  0.49898339998554547  0.51040144823371558  0.52108203908351503
  0.53108029790282929  0.54148736688461341  0.55363003089998131  0.56861471411841413
  0.58354514768720367  0.59714515921751699  0.61228752039899659  0.62834537029235993
  0.64492604655729857  0.66205287961938142  0.68055806027775367  0.69682594333462933
  0.71241313325407318  0.72749815323080935  0.74251180880188827  0.75732528015040634
  0.77105616786012454  0.78604912831593710  0.80172413127593067  0.81740225015442169
  0.83443489289198902  0.85220862095479799  0.87009004608727980  0.89071272966739834
  0.91478961297794448  0.94256242054402828  0.97105277718547656  1.00000000000000000
 -0.00190806784855333  0.00898496626394816  0.01823969512095137  0.02526269604852641
  0.03301277691858508  0.04058162705825109  0.04796268108965723  0.05538096488265021
  0.06340260753631745  0.07150838149257688  0.08113525190854204  0.09069413607749807
  0.09811260503891740  0.10602260259820977  0.11512875648781112  0.12500933192679436
  0.13487647084266888  0.14451540933604501  0.15444250961908254  0.16577109813862434
  0.17650013885832475  0.18794784575694082  0.19841858985825406  0.20726625886669231
  0.21561461570903398  0.22453382672944855  0.23315409554670505  0.24160539458223357
  0.24994427031292249  0.25706491387036634  0.26362775740909966  0.27062514660806553
  0.27834820433928642  0.28670337376222754  0.29608837168268926  0.30753364731338106
  0.31738510382738688  0.32800904029519468  0.33932553335022808  0.35189559992883895
  0.36838642339568889  0.38066478044233043  0.38946251407930166  0.39860246229549551
  0.40710943257988935  0.41551189619691764  0.42506385128989110  0.43378030032840004
  0.44217460983237394  0.45176119632030409  0.46114342286431215  0.47126852768969241
  0.48125970064879559  0.49027167391447252  0.49965131742515007  0.50953319740344538
  0.51791725282269008  0.52481642838259701  0.53294546555468381  0.54356109438288447
  0.55532828108012511  0.56817609214630038  0.58381122982652012  0.59855212048075945
  0.61255548764534196  0.62502753261535815  0.63610538687541673  0.64753958711672643
  0.65984159960474076  0.67266156624620066  0.68464869828658548  0.69514326195382947
  0.70482498883740574  0.71492317858864618  0.72512759601345889  0.73674395645559332
  0.74763893061151765  0.75829390370294092  0.76903423891526979  0.77970887033307934
  0.79133572205852087  0.80445688062300036  0.81886727422704308  0.83283908237974569
  0.84557749369034452  0.85886903600540920  0.87291731784822824  0.88772770541666102
  0.90286211569271724  0.91798297548302765  0.93224476813856594  0.94620446267953573
  0.95981996966677119  0.97257749451897113  0.98596548599857858  1.00000000000000000
 -0.00126691761923748  0.00364665262318339  0.00820255855261177  0.01270719257575738
  0.01687954781256529  0.02017806877151826  0.02322913834469552  0.02630864203564677
  0.02975943458026816  0.03510220272622326  0.04276604718878700  0.05168711113034156
  0.06053885955617905  0.06852606179551732  0.07604564519615110  0.08433155792533328
  0.09362286606682928  0.10361679447217616  0.11451680375758801  0.12571066076414170
  0.13674686346466777  0.14725728571505223  0.15845879586503042  0.17174790150117059
  0.18215154346688586  0.19392099805371907  0.20612416949572770  0.21990774192721538
  0.23715751564308490  0.25381164808691703  0.26638924098027733  0.27854478844076486
  0.29202133100800493  0.30576155778735475  0.31863630506770940  0.33147917595983856
  0.34354804222872132  0.35585236004736520  0.36928828504710359  0.38393661948697921
  0.39725135409619905  0.41079206905537607  0.42477268573493793  0.43763080534266824
  0.44919908569549699  0.46286659823156251  0.47914211492968184  0.49563733070899557
  0.51383175675388826  0.53312926989175202  0.55099350589854035  0.56622282530908719
  0.58291569359289896  0.59941798661733370  0.61515469478388007  0.62802595616401757
  0.64007756316825493  0.65232516125325035  0.66645040131507871  0.67999040080994233
  0.69018438117551961  0.69772977283318272  0.70596062759806721  0.71407885505143909
  0.72174130807629444  0.73085474959489716  0.74006529595191994  0.74932828475352842
  0.75920806386137940  0.76832777677121789  0.77982066453057086  0.79514238345814348
  0.81233093731630557  0.82984102341728516  0.84385096108126612  0.85471725579422331
  0.86516221438852858  0.87615584747971198  0.88658328879126524  0.89487097752980693
  0.90179688755111798  0.90833528397129804  0.91546237421624288  0.92301723593961649
  0.92969798580127649  0.93540232462474782  0.94071743456254264  0.94609395132141783
  0.95128169309791000  0.95866551951145762  0.96534003051456618  0.97204987173120994
  0.97819585515665297  0.98446439263024144  0.99164139422068254  1.00000000000000000
 -0.00191257483693309  0.00908223208707451  0.01705920234148677  0.02600068531445654
  0.03560042493889213  0.04616967194479420  0.05771309937184937  0.06819713405383458
  0.07869948411407139  0.08778501789312601  0.09547428650621001  0.10413119661869281
  0.11391802413023908  0.12181093903522122  0.13217632674752736  0.14356939380887285
  0.15702979245365706  0.17192925603869105  0.18358548681591347  0.19419524538126365
  0.20441476384984406  0.21416515926773744  0.22369278017198246  0.23217844621931052
  0.23945623410678238  0.24795852348895248  0.25731240266362859  0.26628420025895888
  0.27437735090874343  0.28306051947498695  0.29249528197680397  0.30367020834198744
  0.31379276113284182  0.32166176173365579  0.32956251310797924  0.33912916025471679
  0.35169324374363564  0.36232716219489475  0.36984317068626194  0.37716887822286255
  0.38558865991654134  0.39564641928838129  0.40441943385797591  0.41220801492998477
  0.42167922120245421  0.43375628229892443  0.44636804795847851  0.45949386602501407
  0.47312730010001708  0.48549005046839466  0.49601882012336612  0.50719976206641326
  0.51734633826910803  0.52551587264820343  0.53274977394611411  0.54098514342659443
  0.55132114168340873  0.56315029801166538  0.57607421263803205  0.58858470318657163
  0.60095361222521293  0.61352032122932787  0.62652514480369914  0.63823102968004031
  0.64948118935480748  0.65955623842421807  0.66891264572295561  0.67902033118205130
  0.68991579460350805  0.70132894492251729  0.71226772951549144  0.72547251182325001
  0.74113028788030333  0.75772447315676883  0.77136890480170550  0.78097382866099085
  0.78988929507896422  0.79835714780309586  0.80621087569054162  0.81503978677460398
  0.82528512140901467  0.83651497386392326  0.84856195813571866  0.86098897786833695
  0.87419955746956202  0.88571232721727722  0.89644988702923600  0.90507060716292631
  0.91267787005405177  0.92027011388483282  0.93074883664798702  0.94487015806541974
  0.96025865832539048  0.97470944031552986  0.98781561781629668  1.00000000000000000
  0.00386041253509016  0.01153385879959795  0.01862993209923940  0.02443127224035718
  0.02898011235126812  0.03386373402712244  0.03978634195511745  0.04499956645019515
  0.05022082260718688  0.05586512115344502  0.06133707118219887  0.06672479115244880
  0.07325321661089186  0.07906641639123399  0.08486358267810880  0.09112377525871657
  0.09884740919759458  0.10823519741721291  0.11907515966955573  0.13169477646011549
  0.14505510316582604  0.15943709081783108  0.17495480530212773  0.18977183365766143
  0.20299457978291241  0.21410567938150094  0.22371860989352821  0.23173242205368230
  0.23932418459206656  0.24789150585714589  0.25826809589575878  0.26940714657068354
  0.28103173899568945  0.29461908532185521  0.31066669368484950  0.32748224898962702
  0.34442624019587187  0.35996996307777795  0.37389923452853391  0.38450588163261895
  0.39489205225040136  0.40563188576771553  0.41633565679227069  0.42622502829324743
  0.43717238360913874  0.45322540136718825  0.47338486853520101  0.49152744381040092
  0.50606239991353863  0.51927613549570395  0.53212682197147965  0.54555896386025371
  0.55903269674443790  0.57392706562520557  0.58895646372940524  0.60660835561817494
  0.62393435898374905  0.64023261388823194  0.65330598949601804  0.66456167745304817
  0.67574592301308523  0.68587449157800129  0.69446732955051560  0.70348666111538982
  0.71200932214765145  0.72543139218690988  0.73752512427912253  0.74996430872514475
  0.76689093568988220  0.78580689493727696  0.79979304936656614  0.81062574101873597
  0.81999193210489529  0.82940353020041435  0.84034955335129202  0.85177431643664459
  0.86095096493984646  0.86695630788268474  0.87320526511576024  0.87974330136006684
  0.88660458462516634  0.89530305706810442  0.90526797239323442  0.91684804050694346
  0.92846215826056822  0.93934786182058161  0.94470306843288099  0.95045542165448571
  0.95547124700288755  0.96041938025982088  0.96654859747838584  0.97158050563585230
  0.97599600770614170  0.98211494601775096  0.98832073916752372  1.00000000000000000
 -0.00227949764525566  0.00924736521168625  0.01954281270611863  0.02990471091950110
  0.04091954386103584  0.05253437654200258  0.06475346960397370  0.07775998385257904
  0.08910288449229273  0.09852944225929948  0.10788660543519363  0.11495964207517524
  0.12175138603140977  0.12915387491612351  0.13762251122552024  0.14798196367658481
  0.16111265303849864  0.17241476819941931  0.18157131349048566  0.18927442814548698
  0.19646123426076462  0.20451564630178837  0.21355140937759770  0.22405064372354058
  0.23425341842232478  0.24446438148235400  0.25368947567116923  0.26362880504683800
  0.27419372676904391  0.28448118258980076  0.29423297389774544  0.30496059268597958
  0.31614760451001844  0.32590782898973758  0.33478388815047044  0.34431847224445400
  0.35574504910969640  0.36595838295710709  0.37608976186621634  0.38716134724487145
  0.39777296728874906  0.40819397080367381  0.41941903836753636  0.43200927068748429
  0.44654149172158952  0.46115526725162198  0.47541360603134658  0.49025826708414816
  0.50490523975957857  0.51874073865219095  0.52985345593449085  0.53931208619119730
  0.54811620942535888  0.55557220556380438  0.56392396794455590  0.57371238068454411
  0.58380133014171065  0.59626961719366878  0.60717609272892659  0.61744217809140756
  0.62729700252066212  0.63644737200035695  0.64614465377464703  0.65740615979137307
  0.67216403246967571  0.68893590747808053  0.70335741668957474  0.71511909915910921
  0.72572657557669729  0.73699551298286947  0.74870064314465301  0.75928303675180076
  0.76835288368628163  0.77922587357101336  0.79247432110887350  0.80446198365099852
  0.81758993032175631  0.83057873024105011  0.84128826158207681  0.85050138892377614
  0.86013693891893883  0.86888493655697230  0.87775526616999422  0.88584068136321936
  0.89471223105034403  0.90692662134156088  0.92137752051415833  0.93423272241423183
  0.94419334458288517  0.95134030019092763  0.95794948517943412  0.96449601757886483
  0.97206955312756693  0.98063498994448395  0.99040009087878789  1.00000000000000000
  0.41097654472296102  0.41469966921995349  0.42155713919996446  0.43969721524068384
  0.45938581860012978  0.46743106250243616  0.47484466331674846  0.48255749207175336
  0.49248645461110480  0.50235218622369315  0.51257337613375775  0.52118927428541140
  0.52993533574244012  0.54501185249749584  0.57609487474476451  0.58537213283775880
  0.59472491539419037  0.60355669581532279  0.61245541302352702  0.62134197671566138
  0.63199657011930355  0.64475449759798986  0.65631779445468397  0.66724368811269474
  0.67677040778503761  0.68539546764795223  0.69342222503089279  0.70143161933126619
  0.70852063294683976  0.71641255139100457  0.72235106189057008  0.72859324192285813
  0.73426451769280277  0.73938727781836622  0.74493323731697292  0.75019866819674275
  0.75496752014952551  0.75948783716604273  0.76436165909922371  0.76930960193482845
  0.77363517325518316  0.77749706505132643  0.78145613493446708  0.78569992509415398
  0.79009312951451982  0.79367213682191062  0.79704670653858212  0.80025079543773114
  0.80406178535198558  0.80797156680530746  0.81200931082131134  0.81564843645925711
  0.81914372883354103  0.82237739412579547  0.82545740985338112  0.82856124222231731
  0.83220032497947383  0.83644142775327679  0.84087569781102511  0.84516120011992724
  0.84931126645765598  0.85354421959968985  0.85827745196912952  0.86290392917563385
  0.86748170058248608  0.87208138001244040  0.87640240653723345  0.88149184749498399
  0.88652441610085797  0.89169739387584102  0.89687963433105733  0.90198279813765647
  0.90704877052670752  0.91126825538646261  0.91541627769437561  0.91948206729054116
  0.92370625808561846  0.92806193615909982  0.93226822513091157  0.93597687743977054
  0.93978831086520676  0.94366941693800410  0.94722929101130682  0.95153105658145587
  0.95573215630922370  0.96009842219840202  0.96467126219746113  0.96931967350215864
  0.97349284152311810  0.97765237593754029  0.98164628134568921  0.98556938826129925
  0.98960730810881836  0.99304744963808977  0.99651336295000748  1.00000000000000000
 -0.02411392165608453  0.14446175890157276  0.17645273484837043  0.20665650841663932
  0.23743918606878231  0.26229889616536661  0.28145699324240048  0.30039754314238110
  0.31728071807498420  0.33095603418087788  0.33993378011517833  0.34815064218540742
  0.35677464092227540  0.36420699099475751  0.37113738401179769  0.37815278176293482
  0.38558811578129598  0.39431235315968360  0.40444005215849194  0.41519755360032601
  0.42695418723562550  0.43862318874424105  0.44890210864105040  0.45778006830639384
  0.46557351771087502  0.47372519020616705  0.48148693360382910  0.48911507530280773
  0.49668562284671752  0.50399603181711705  0.51127600498230352  0.51781161116660990
  0.52436618012313307  0.53121247551578499  0.53858312766828165  0.54524998358693799
  0.55151337401348666  0.55803261586589337  0.56569197067931154  0.57319548554795541
  0.57996280253775356  0.58587875099353470  0.59169839418090209  0.59659679944093380
  0.60111028982028070  0.60541058155799532  0.60966325558396195  0.61491673634362110
  0.62065175048558574  0.62615639977780901  0.63138209352372410  0.63661344986294299
  0.64203348814877725  0.64758944511852445  0.65297556030731618  0.65843298340113621
  0.66431923440319418  0.67059773213147622  0.67664384865473237  0.68272421209853518
  0.68892759617912536  0.69569549476110581  0.70244960966909487  0.70887914150076503
  0.71507534589831967  0.72099724569809753  0.72780108167947366  0.73434688016919181
  0.74112567017969844  0.74868205148096056  0.75699835547281780  0.76587315162282632
  0.77540588998474524  0.78441984737574388  0.79102281797950913  0.79593589071518100
  0.79962270528161861  0.80346404975506258  0.80925167301661760  0.81485105029050053
  0.82087116316546249  0.82596331744068008  0.82906903941832921  0.83221797617133642
  0.83573483118060488  0.83880292886500452  0.84206649673897527  0.84687297451784516
  0.85631489263802507  0.87162802505375692  0.88725629846497844  0.90289949598146935
  0.92057871067982822  0.93422385566108990  0.96189383881599266  1.00000000000000000
   2.6040580257123591E-010  -1.0000000000000000     
 T T T T T T T T T T T T T T T T F F F F F F F F F F F F F F F F F F F F F F F F F F F F F F F F T T T T T T T T T T T T T T T T T T T T T T T T T T T T T T T T F F F F F F F F F F F F F F F F F F F F F F F F F F F F F F F F T T T T T T T T T T T T T T T T
  <DiscreteSampler_grid>
  grouped_processes
  1 # 1 for a reference and 2 for a running grid.
  10 # Attribute 'min_bin_probing_points' of the grid.
  1 # Attribute 'grid_mode' of the grid. 1=='default',2=='initialization'
  0.0000000000000000 # Attribute 'small_contrib_threshold' of the grid.
  0.5000000000000000 # Attribute 'damping_power' of the grid.
 # binID   n_entries weight   weight_sqr   abs_weight
    13   10   3.375680140717460E-005   1.955727050327986E-009   3.375680140717460E-005
    14   10   3.375680140717459E-005   1.955727050327984E-009   3.375680140717459E-005
    16   10   3.656516279099452E-005   2.942589068730768E-009   3.656516279099452E-005
    17   10   3.656516279099453E-005   2.942589068730769E-009   3.656516279099453E-005
    22   10   6.299053507247211E-005   9.882464911225349E-009   6.299053507247211E-005
    23   10   6.299053507247203E-005   9.882464911225327E-009   6.299053507247203E-005
    25   10   5.198312619482651E-005   6.255228461069587E-009   5.198312619482651E-005
    26   10   5.198312619482642E-005   6.255228461069561E-009   5.198312619482642E-005
    31   10   6.299053507247211E-005   9.882464911225349E-009   6.299053507247211E-005
    32   10   6.299053507247200E-005   9.882464911225325E-009   6.299053507247200E-005
    34   10   5.198312619482649E-005   6.255228461069585E-009   5.198312619482649E-005
    35   10   5.198312619482642E-005   6.255228461069561E-009   5.198312619482642E-005
    40   10   3.375680140717460E-005   1.955727050327986E-009   3.375680140717460E-005
    41   10   3.375680140717460E-005   1.955727050327986E-009   3.375680140717460E-005
    43   10   3.656516279099452E-005   2.942589068730767E-009   3.656516279099452E-005
    44   10   3.656516279099453E-005   2.942589068730768E-009   3.656516279099453E-005
    49   10   3.375680140717460E-005   1.955727050327986E-009   3.375680140717460E-005
    50   10   3.375680140717460E-005   1.955727050327985E-009   3.375680140717460E-005
    52   10   3.656516279099452E-005   2.942589068730767E-009   3.656516279099452E-005
    53   10   3.656516279099452E-005   2.942589068730768E-009   3.656516279099452E-005
    58   10   6.299053507247208E-005   9.882464911225345E-009   6.299053507247208E-005
    59   10   6.299053507247200E-005   9.882464911225325E-009   6.299053507247200E-005
    61   10   5.198312619482651E-005   6.255228461069587E-009   5.198312619482651E-005
    62   10   5.198312619482642E-005   6.255228461069564E-009   5.198312619482642E-005
    67   10   3.375680140717460E-005   1.955727050327986E-009   3.375680140717460E-005
    68   10   3.375680140717458E-005   1.955727050327984E-009   3.375680140717458E-005
    70   10   3.656516279099452E-005   2.942589068730767E-009   3.656516279099452E-005
    71   10   3.656516279099452E-005   2.942589068730768E-009   3.656516279099452E-005
    76   10   6.299053507247209E-005   9.882464911225345E-009   6.299053507247209E-005
    77   10   6.299053507247200E-005   9.882464911225325E-009   6.299053507247200E-005
    79   10   5.198312619482651E-005   6.255228461069587E-009   5.198312619482651E-005
    80   10   5.198312619482642E-005   6.255228461069563E-009   5.198312619482642E-005
  </DiscreteSampler_grid>
