 -0.00043161081746713  0.00482252814740023  0.01029592881959338  0.01628271994344844
  0.02330975420900776  0.03146510394645013  0.03980955790340228  0.04834719220365344
  0.05714777031784476  0.06746094446184786  0.07910808740997620  0.09154511344078765
  0.10371015155263613  0.11517237728614317  0.12620843705139256  0.13742915757747781
  0.14853273149377827  0.15940988673397158  0.17023638469786312  0.18124644897930559
  0.19284719688340968  0.20536344308652912  0.21808668086472538  0.22789539489497840
  0.23787725169849089  0.24784965570318621  0.25878428455157815  0.27183293752576776
  0.28537862144322518  0.29876953239631521  0.31141480783364051  0.32344183879921445
  0.33502323504503984  0.34708107710254132  0.35960676686005216  0.37190369081998226
  0.38375668269005142  0.39583722961339429  0.40879913987292243  0.42148072448688417
  0.43354987695002090  0.44587876984959984  0.45855638681035654  0.47076143255318320
  0.48300833938621590  0.49473643311212401  0.50614582274322695  0.51722802339321716
  0.52854739861669076  0.54035599284190494  0.55230895720261397  0.56488590241600789
  0.57782772290724593  0.59069268974354372  0.60326684290036570  0.61533657739236891
  0.62695471517725054  0.63852132898849800  0.65024418233613079  0.66177001109737021
  0.67322135970275354  0.68460443998196374  0.69606831848437689  0.70844421180293227
  0.72152552415242688  0.73427231748969402  0.74653931636184789  0.75911478809206190
  0.77173658122631983  0.78388174757541862  0.79570514415674398  0.80666215844327227
  0.81694624127049020  0.82712226560464908  0.83766776733220194  0.84882051567895445
  0.86036680377032937  0.87144283287847557  0.88182317109855313  0.89183028360480443
  0.90146354118984129  0.91108989202794921  0.92061398725620969  0.92982369943480603
  0.93885906264421271  0.94777151480645971  0.95630253305085244  0.96383522868976623
  0.97076654005562524  0.97710519945897478  0.98335123124774726  0.98839106319177639
  0.99178868027574985  0.99472036197374591  0.99743273713612213  1.00000000000000000
  0.00000101388988910  0.00000110334439108  0.00000118496469739  0.00000127990558024
  0.00000138061884762  0.00000147740996282  0.00000157636279822  0.00000167616322994
  0.00000177198980262  0.00000186337430936  0.00000195271202925  0.00000204248398832
  0.00000214027752086  0.00000224491439358  0.00000234844716808  0.00000246654986330
  0.00000260335011670  0.00000275292290731  0.00000292570621810  0.00000311144443961
  0.00000330383053068  0.00000352311469687  0.00000377090373743  0.00000403981281423
  0.00000434269586386  0.00000467755100342  0.00000506811990335  0.00000547013311266
  0.00000592787084285  0.00000638902537010  0.00000682964371542  0.00000731805662073
  0.00000782446961580  0.00000841758537897  0.00000904936455770  0.00000972959162480
  0.00001048968680478  0.00001136048728389  0.00001240413954151  0.00001354220237735
  0.00001473834141186  0.00001597574414503  0.00001736785178728  0.00001904344223903
  0.00002108875563221  0.00002362834965873  0.00002637824038524  0.00002932012042415
  0.00003261573052573  0.00003632753400853  0.00004052551532145  0.00004524178531276
  0.00005045824679953  0.00005632732544279  0.00006289715538003  0.00007017829204507
  0.00007821995977777  0.00008695807008892  0.00009673122831296  0.00010733588890627
  0.00011895077964191  0.00013259835660763  0.00014679234094166  0.00016253212737399
  0.00017993744872031  0.00019954518288543  0.00022056434048514  0.00024557215209192
  0.00027081824547322  0.00029869194096394  0.00033055734068103  0.00036651022854704
  0.00040772813119468  0.00045140282062268  0.00050170011640178  0.00056196832989369
  0.00062956313544683  0.00070483794567682  0.00078254352419292  0.00086966155039538
  0.00095377000453485  0.00106340576299306  0.00119252222178479  0.00137999737754115
  0.00159946143589888  0.00184211012842950  0.00217979354999266  0.00270720307823794
  0.00336136892089590  0.00400658258027059  0.00472403217212528  0.00546378687957109
  0.00618608755561499  0.00688729998688997  0.09889273105187621  1.00000000000000000
  0.00000135069546884  0.00000202005491832  0.00000279073546853  0.00000369996975843
  0.00000459390918732  0.00000556087309211  0.00000668310440688  0.00000790497828170
  0.00000916213442713  0.00001043573609533  0.00001193679669173  0.00001363273787137
  0.00001545463785328  0.00001743068466324  0.00001960109886817  0.00002212643530596
  0.00002463787187053  0.00002711207573240  0.00002985888783790  0.00003286677278539
  0.00003610175031527  0.00003975469085881  0.00004365427377257  0.00004752092851899
  0.00005142671208915  0.00005570671648333  0.00006032653685457  0.00006520764265920
  0.00007029376527272  0.00007576629916575  0.00008168311071262  0.00008806095922583
  0.00009495188340862  0.00010169644099077  0.00010825739561000  0.00011518065747225
  0.00012223635648283  0.00012994749665903  0.00013769675288040  0.00014577141826459
  0.00015424543397187  0.00016402508584822  0.00017463297130522  0.00018618308031273
  0.00019835588119755  0.00020985254545638  0.00022139555115521  0.00023301266783130
  0.00024561423241318  0.00025924356410110  0.00027383325884180  0.00028933785231816
  0.00030626331868714  0.00032593193613622  0.00034464407929776  0.00036154097423644
  0.00037846197387127  0.00039581438745256  0.00041476500282620  0.00043811430920328
  0.00045885089147233  0.00048110255344951  0.00050411108772169  0.00052872124030488
  0.00055678041029627  0.00058828664076855  0.00062342449997546  0.00066554401769453
  0.00070359734469388  0.00074638895416394  0.00079584312703668  0.00085625269901023
  0.00092178218470616  0.00098388252870296  0.00105390345156354  0.00114794953353495
  0.00126917074756015  0.00138137669289334  0.00149049060041796  0.00159969860266946
  0.00170417633825271  0.00181871051166562  0.00200984395232639  0.00224698755696253
  0.00252761578520880  0.00289161255762424  0.00324554024110321  0.00344692012703367
  0.00364456462610487  0.00388289365199349  0.00413068373945044  0.00434593097676139
  0.00449608354577961  0.00488718652488806  0.00680095331788264  1.00000000000000000
 -0.00193683847049533  0.00717893668464561  0.01536121187567994  0.02207657055177084
  0.02865998089191452  0.03543355031104144  0.04251188493549027  0.05171505612805181
  0.05955530455967117  0.06653418541778697  0.07310764857755471  0.07966795876424396
  0.08647052486975078  0.09348511138582292  0.10052904738762236  0.10730366685778676
  0.11286377645495536  0.11859240351187846  0.12477801247275459  0.13161773636820079
  0.13995601100092300  0.14809158978580109  0.15595671241022743  0.16357880127404462
  0.17144675965652553  0.17938359081520899  0.18710935521140196  0.19507113999726897
  0.20340047182543922  0.21259893564594501  0.22225223478485237  0.23144439407205147
  0.24043336992154199  0.24944148648002365  0.25854257339095321  0.26783989406306608
  0.27652193485299392  0.28487800060959723  0.29315159609216740  0.30190861946075259
  0.31045366261448692  0.31859470330875100  0.32615686305116770  0.33420069182460155
  0.34336619853245703  0.35287344161862028  0.36242303140584492  0.37220789083524020
  0.38182516530562421  0.39123611437896583  0.40067475314499701  0.41015820816190712
  0.41997533012846727  0.43051342107286150  0.44202621438338024  0.45417695388058354
  0.46630220761610502  0.47803832903228566  0.48954131862230299  0.50170392177355960
  0.51451587356116002  0.52746958236734953  0.53971224988293742  0.55151648965925182
  0.56268718391487482  0.57304438200898766  0.58361691162180840  0.59502020081349005
  0.60661320755072434  0.61795370845171471  0.62947781961252725  0.64203272888418395
  0.65448101083818067  0.66687302033488227  0.67967815277034349  0.69271515927448701
  0.70557690669126083  0.71853779171274301  0.73272225306467975  0.74819964456581534
  0.76388980610351298  0.77877020144267206  0.79269126896013264  0.80605766394279565
  0.81994763156337946  0.83487099244477136  0.84979311337149932  0.86312144446036587
  0.87713217115384534  0.89356398875584464  0.91213106958868484  0.92969846723481775
  0.94603289552400138  0.96217715987644170  0.97984415062090569  1.00000000000000000
 -0.00218499267492233  0.00878482985339711  0.01780699873151758  0.02798129227649409
  0.03836692615600770  0.05064999524719607  0.06214835358378071  0.07331149072342590
  0.08432696944095489  0.09624930707465211  0.10778442601393604  0.11864443173152449
  0.12874242976107816  0.13874544392795113  0.14900407487927142  0.15886684062229395
  0.16821172193161188  0.17736021851813463  0.18668449288105396  0.19700854385049912
  0.20828468539184336  0.21949947424181612  0.22939322269373535  0.23885728701202169
  0.24802540946879156  0.25957699013532348  0.27071570131248990  0.28155677927034201
  0.29231784022330815  0.30338499138098246  0.31425350801970164  0.32552800269307985
  0.33720744944073489  0.34902701441463968  0.36053765604130955  0.37191552937915873
  0.38342692124884875  0.39447928653126257  0.40539357150567740  0.41690570078406425
  0.42826580940148168  0.43974177515153073  0.45146077614656743  0.46347106513254827
  0.47483229431605140  0.48526566916945207  0.49525452613305843  0.50561590532941358
  0.51660740023204033  0.52760974708916553  0.53739569221564476  0.54673152229470834
  0.55605119805725400  0.56596692211939947  0.57535872343068495  0.58444245450547616
  0.59371498986417648  0.60459885259957957  0.61711106026035056  0.63006525549369718
  0.64260421564705794  0.65354940868841149  0.66414670886645522  0.67473784535244108
  0.68554934564831749  0.69634052571087679  0.70677331315238701  0.71710539531029249
  0.72728273565195523  0.73804217706222186  0.74857270221261552  0.75805071349279740
  0.76707924660993876  0.77539790282026277  0.78496874730154265  0.79499815602108548
  0.80565910726365364  0.81663428448116004  0.82731376037560311  0.83764008294333026
  0.84739688137824831  0.85802804818773604  0.86886699790174149  0.87882564309346667
  0.88768809203894972  0.89656623669443547  0.90647863797390726  0.91734797784910593
  0.92773082142942176  0.93825223704094274  0.94914244041871854  0.96057660340214068
  0.97085437751099113  0.98060237329888955  0.99001803458970106  1.00000000000000000
 -0.00264955949724069  0.00939988893642993  0.01967832656814857  0.02976143646941135
  0.03959033628612509  0.04899281461829180  0.05804127300703350  0.06680778532307838
  0.07540153702386027  0.08435943869325049  0.09378016614106863  0.10351955172221446
  0.11321621113250216  0.12266871815006231  0.13162030781407028  0.14061024402255648
  0.14904262480433866  0.15752495569745631  0.16602967670681262  0.17449791289131020
  0.18486849191109114  0.19531430740570951  0.20673575075613113  0.21730601713615780
  0.22765581020296680  0.23764912719717679  0.24851149078266638  0.25995202190684946
  0.27161168472622721  0.28238700628566021  0.29312322436503452  0.30360839699226644
  0.31312555156514454  0.32259898965680495  0.33207387456634230  0.34345139288490772
  0.35481818634579887  0.36618677272297873  0.37775829063337291  0.38860287465924315
  0.39922112016691619  0.40988415426198643  0.42028328365093498  0.42975164479134403
  0.43809523369238285  0.44676105155576101  0.45531101443886479  0.46517751727317869
  0.47629700010888942  0.48766259045896310  0.49927277131169279  0.51176287902863193
  0.52363183212674980  0.53499993487514419  0.54612452652509624  0.55727226527219087
  0.56850398828632998  0.58011057329941407  0.59230802021443241  0.60453037568336088
  0.61614706142558595  0.62711407245225814  0.63812384357027352  0.64824851831497066
  0.65804314231366345  0.66771992749209252  0.67729232863783362  0.68825995666204398
  0.69952506638969825  0.71065775126163100  0.72330152966121208  0.73581331340363010
  0.74945311087838173  0.76215047387798740  0.77428106829912069  0.78622992092341337
  0.79784924348446173  0.80929956249525070  0.82001670895124590  0.82932574826807515
  0.83882081671917696  0.84860229941255150  0.85935157610259494  0.87054951363693844
  0.88257949043026696  0.89505017848440338  0.90670055181911791  0.91778405763621551
  0.92858608219081096  0.93948337914841473  0.95062790307773659  0.96078889239840348
  0.97093994660158300  0.98069824188410637  0.99040828239924594  1.00000000000000000
 -0.00193335464018774  0.01069160793091226  0.02144491032553028  0.03254918278962729
  0.04415709062013562  0.05567023067440457  0.06488967152797456  0.07405383192072403
  0.08319467976873239  0.09310170751774821  0.10354289881882610  0.11423404802581190
  0.12502052754548637  0.13663943540688647  0.14821757363507126  0.16063771776371955
  0.17295576719411684  0.18505721138107156  0.19669568286875383  0.20766072749149175
  0.21829389195168525  0.22860489670897249  0.23844740483097376  0.24843509046829312
  0.25863876999968721  0.26885315371370883  0.27935193276577552  0.29071346971064732
  0.30322796024378013  0.31529476456992461  0.32609159207759997  0.33637997664638131
  0.34679546782375859  0.35721976395569260  0.36779230093883947  0.37811691989242746
  0.38967502100759721  0.40092485534333772  0.41300425666641954  0.42544627413327646
  0.43808826768391107  0.45017814799694300  0.46163052652970837  0.47306906065278059
  0.48470943560763047  0.49657816613418782  0.50801827567292934  0.51844872055670643
  0.52865014211951100  0.53922651659332532  0.55026291344265610  0.56157079464912207
  0.57153193269213276  0.57996480603550682  0.58814904854475158  0.59654452949591252
  0.60521767413750216  0.61460189745224625  0.62417860659406355  0.63416379496840436
  0.64440828778228476  0.65433421477471021  0.66381365112504254  0.67308598598215386
  0.68245791309837867  0.69190751639312209  0.70118356557716099  0.71068169737474973
  0.72094980486050775  0.73187848278639089  0.74284240878079266  0.75329360153121538
  0.76318566556758904  0.77414405334202552  0.78487796294070356  0.79736572882566947
  0.80924548835951826  0.82088981626703661  0.83231533698990023  0.84348081355801574
  0.85506729852856811  0.86570265286021963  0.87562945451347762  0.88501805243477571
  0.89456299876742174  0.90494126922766516  0.91495638989318917  0.92559976049320902
  0.93617756612718839  0.94528454665761874  0.95448793346724203  0.96327909554920321
  0.97192985320034841  0.98035218530475099  0.98944772700439076  1.00000000000000000
 -0.00230367586577569  0.00869258927088749  0.01892187267198709  0.02950035797711956
  0.04029947259122304  0.05145509998113489  0.06228763115227468  0.07305146440002362
  0.08375224198085100  0.09472061217445232  0.10594531887690471  0.11646722403691173
  0.12649488462081307  0.13644939166039324  0.14699439558994987  0.15807392289426792
  0.16871077165574305  0.17889268709770448  0.18889477482075850  0.19916448772737053
  0.20982804940729713  0.22068621874291405  0.23237004918415582  0.24452325896901564
  0.25623140340095568  0.26698882892855913  0.27722265717273520  0.28780223203086525
  0.29842167507514411  0.30875839698561669  0.31914622736905812  0.32993532889046495
  0.34047957589522349  0.35009302981974005  0.35968561696098111  0.36948907197851688
  0.38010133445428684  0.39030215460727452  0.39965315941080282  0.40892693246580725
  0.41878256882335563  0.42981013500900617  0.44094573587496882  0.45168172848352517
  0.46232691362368783  0.47295994467754554  0.48389354437894277  0.49528369223400315
  0.50706060666322084  0.51810553846768814  0.52878518383219975  0.53964662381887230
  0.55132690165279818  0.56350058978220663  0.57500211133359580  0.58627640806614867
  0.59713768682978441  0.60700735889558810  0.61687415396929968  0.62640119852508647
  0.63592569471259475  0.64575334152973030  0.65504187843924755  0.66417568163489360
  0.67367744296441301  0.68398118399917318  0.69428810089572490  0.70459997957620535
  0.71459957980830602  0.72429775917759875  0.73440600118428745  0.74584855067138567
  0.75743250223394354  0.76794705338196834  0.77687225894563627  0.78507571873641324
  0.79367307202039661  0.80206919555880607  0.81222520528356057  0.82237882577850252
  0.83299944452217178  0.84346209185689980  0.85305299537156232  0.86221640005235511
  0.87094413789837410  0.88027143215710668  0.89055489510725083  0.90238055821844687
  0.91618462375166199  0.92948239444078828  0.94169768968804624  0.95366395734630216
  0.96492780476579965  0.97639073252559594  0.98815736265746668  1.00000000000000000
  0.53739296058160491  0.58601813651832246  0.59867953368091675  0.60898254420668652
  0.61638030976654135  0.62255227600442109  0.62876329772667783  0.63485761379131112
  0.64146907611124260  0.64774889087868104  0.65354339436577102  0.65946131767146843
  0.66532413483906505  0.67079677561477080  0.67567151014260662  0.68041756459779679
  0.68523185084910820  0.69016304334589285  0.69514516460619336  0.70009091582930993
  0.70511526805861358  0.71031634611940642  0.71559621055421851  0.72067475428974337
  0.72539288797682766  0.73007593607988253  0.73461787177385296  0.73910137816712684
  0.74350153801414720  0.74788959715308445  0.75216814319458059  0.75611227671509174
  0.75997169155297373  0.76375885196120796  0.76773507610296665  0.77146891860864442
  0.77498939258260202  0.77844164419980988  0.78192336176634780  0.78563253504035635
  0.78942445380627047  0.79322683366390967  0.79665915085689132  0.79994601614525063
  0.80321349140411924  0.80653451562346479  0.80986840384683134  0.81308610230314848
  0.81645714500803057  0.81983225871716447  0.82295692848322843  0.82605815584967601
  0.82917748114252676  0.83231928057043247  0.83544300705186059  0.83851361128733959
  0.84158936691633501  0.84465052479024005  0.84759787977913925  0.85051990967544100
  0.85355977189028587  0.85700578845932962  0.86055473423325968  0.86429235893024459
  0.86801105464636308  0.87163989657287899  0.87511355864668472  0.87861471557755566
  0.88220451756406171  0.88586002190745083  0.88946950240123746  0.89297815208130615
  0.89639100993565757  0.89991446640904360  0.90360663446360567  0.90738259125292375
  0.91094891824764934  0.91507221354751822  0.91917077772538158  0.92367631389606109
  0.92833213188593011  0.93284819333693092  0.93723116720349264  0.94112902240487839
  0.94499485407631201  0.94895612254115302  0.95314921608486025  0.95763898580831952
  0.96239401846910377  0.96747722080599807  0.97272220047672875  0.97793080926138298
  0.98259026950784345  0.98734650103177612  0.99267253659893007  1.00000000000000000
 -0.00163598338189730  0.12813769737226949  0.17487615867871520  0.19814505801951049
  0.21883936536395984  0.23964631012321361  0.25892414285029208  0.27536291525328799
  0.29088195990560328  0.30668448902734380  0.32152847747669910  0.33518391282637178
  0.34772187515318853  0.35884065582228836  0.36912501159347011  0.37972393979949159
  0.39036209597491056  0.40068277663500868  0.41077949910805367  0.41988659351925389
  0.42821283840020252  0.43601614038018888  0.44476527725758785  0.45345563154858665
  0.46174838723658185  0.46957421489652229  0.47709546409111481  0.48374782248940434
  0.49033513861128153  0.49694400714669540  0.50408950618208326  0.51131463139055400
  0.51859203112586394  0.52575012058335879  0.53272171106507893  0.53935014771475664
  0.54530167668021390  0.55092785984988846  0.55652732714808462  0.56248567546944972
  0.56899087496494671  0.57546304002683790  0.58163674311143254  0.58759695161252479
  0.59349831402576325  0.59955248489409707  0.60581212045222677  0.61232594750249958
  0.61824531462560839  0.62382243499924606  0.62928234782690917  0.63444789218969455
  0.64027176817716225  0.64612344571570901  0.65176849438472495  0.65736082434584886
  0.66281352486417178  0.66824184732104064  0.67357046807276122  0.67880267334447364
  0.68390685858268863  0.68888840170886290  0.69363551175763449  0.69805488598219989
  0.70246722188816746  0.70695590943056108  0.71181785061834968  0.71677911093693736
  0.72163274687674173  0.72660347035063699  0.73204235371393900  0.73764789825294874
  0.74273761983747422  0.74765674574497576  0.75250940492167906  0.75769990638179352
  0.76291625489600789  0.76803694272360079  0.77324831661846649  0.77865694600596869
  0.78410343418294803  0.78960046373922732  0.79508077940528754  0.80070510949248108
  0.80672000774909569  0.81340163981883784  0.82030382785538181  0.82634100700244106
  0.83251855515115125  0.83834917724922631  0.84514019149727704  0.85507549541490779
  0.87158094051777846  0.89046984375518257  0.90145410041223839  1.00000000000000000
   6.4574835653494337E-009  -1.0000000000000000     
 T T T T T T T T T T T T T T T T F F F F F F F F F F F F F F F F F F F F F F F F F F F F F F F F T T T T T T T T T T T T T T T T T T T T T T T T T T T T T T T T F F F F F F F F F F F F F F F F F F F F F F F F F F F F F F F F T T T T T T T T T T T T T T T T
  <DiscreteSampler_grid>
  grouped_processes
  1 # 1 for a reference and 2 for a running grid.
  10 # Attribute 'min_bin_probing_points' of the grid.
  1 # Attribute 'grid_mode' of the grid. 1=='default',2=='initialization'
  0.0000000000000000 # Attribute 'small_contrib_threshold' of the grid.
  0.5000000000000000 # Attribute 'damping_power' of the grid.
 # binID   n_entries weight   weight_sqr   abs_weight
    13   10   1.542234262950413E-001   6.200553897318437E-002   1.542234262950413E-001
    14   10   1.542234262950412E-001   6.200553897318428E-002   1.542234262950412E-001
    16   10   4.681297934465518E-002   4.606396449538822E-003   4.681297934465518E-002
    17   10   4.681297934465516E-002   4.606396449538817E-003   4.681297934465516E-002
    22   10   1.542234262950413E-001   6.200553897318438E-002   1.542234262950413E-001
    23   10   1.542234262950412E-001   6.200553897318432E-002   1.542234262950412E-001
    25   10   4.681297934465519E-002   4.606396449538822E-003   4.681297934465519E-002
    26   10   4.681297934465516E-002   4.606396449538816E-003   4.681297934465516E-002
    31   10   1.542234262950413E-001   6.200553897318437E-002   1.542234262950413E-001
    32   10   1.542234262950412E-001   6.200553897318427E-002   1.542234262950412E-001
    34   10   4.681297934465519E-002   4.606396449538823E-003   4.681297934465519E-002
    35   10   4.681297934465516E-002   4.606396449538817E-003   4.681297934465516E-002
    40   10   1.542234262950413E-001   6.200553897318437E-002   1.542234262950413E-001
    41   10   1.542234262950412E-001   6.200553897318430E-002   1.542234262950412E-001
    43   10   4.681297934465520E-002   4.606396449538822E-003   4.681297934465520E-002
    44   10   4.681297934465516E-002   4.606396449538816E-003   4.681297934465516E-002
  </DiscreteSampler_grid>
