  0.00000081421319954  0.00000173069739072  0.00000204957011990  0.00000233186053402
  0.00000255675454828  0.00000277118553248  0.00000297582158541  0.00000319691087868
  0.00000346710094933  0.00000373648802927  0.00000400629014707  0.00000424773026086
  0.00000448969225970  0.00000467225537064  0.00000482386948348  0.00000496866409750
  0.00000513951927249  0.00000529841736113  0.00000544171688060  0.00000557556391250
  0.00000570119857088  0.00000584426193819  0.00000598027816917  0.00000613350033825
  0.00000629269105180  0.00000645665482932  0.00000663579058265  0.00000678541675537
  0.00000691896778755  0.00000703617205189  0.00000716575003186  0.00000730821410368
  0.00000745190271308  0.00000760232266212  0.00000775229808331  0.00000790471437050
  0.00000806044287766  0.00000821197987859  0.00000835962461901  0.00000850956546583
  0.00000866120965747  0.00000881831328132  0.00000896771917630  0.00000910361044563
  0.00000924430775101  0.00000939752803726  0.00000957083127692  0.00000974130813696
  0.00000989004279114  0.00001002613638925  0.00001015266753542  0.00001027495407735
  0.00001039728333951  0.00001052132874233  0.00001064744207631  0.00001077864509799
  0.00001092770872164  0.00001108377027975  0.00001123867038654  0.00001139030849177
  0.00001153062998876  0.00001166812375366  0.00001180620064108  0.00001194415405228
  0.00001208068094878  0.00001221056062594  0.00001233868971245  0.00001246663305793
  0.00001260554308094  0.00001275452790437  0.00001291837231160  0.00001309423496262
  0.00001327144333611  0.00001343114841512  0.00001358436712822  0.00001374144321333
  0.00001390123060169  0.00001406765087411  0.00001424577392848  0.00001443927323679
  0.00001465110677016  0.00001477558986707  0.00001485892405267  0.00001494050006757
  0.00001517289320942  0.00001550816004800  0.00001585336153270  0.00001618522559983
  0.00001649424854995  0.00001677391222186  0.00001702579150911  0.00001729279355311
  0.00001759001146933  0.00001782947396380  0.00001791351049940  1.00000000000000000
  0.00002036740280807  0.00002060386003437  0.00002077346167286  0.00002093877822125
  0.00002110594683461  0.00002124777315123  0.00002136177189476  0.00002148029041091
  0.00002158631180218  0.00002169049487180  0.00002181358569874  0.00002195078601101
  0.00002207938541102  0.00002219930041479  0.00002229918254304  0.00002240806985997
  0.00002251891839118  0.00002264062134495  0.00002277554926692  0.00002290629587629
  0.00002303325171764  0.00002316298318004  0.00002328732234947  0.00002340275294712
  0.00002351479242302  0.00002361567937506  0.00002372238386952  0.00002383283210550
  0.00002394852995653  0.00002407161019552  0.00002418859413584  0.00002429871339943
  0.00002441224035640  0.00002453375066643  0.00002466045581121  0.00002479441658327
  0.00002492279266895  0.00002504932358002  0.00002517818823667  0.00002530857277740
  0.00002544082145935  0.00002556122302306  0.00002568495918390  0.00002581311296666
  0.00002594286042101  0.00002607792938640  0.00002619828908267  0.00002632469106769
  0.00002645674887850  0.00002658915633419  0.00002670971482838  0.00002679467817212
  0.00002688658522069  0.00002698633811699  0.00002710093371036  0.00002722677197910
  0.00002736504229221  0.00002750798360238  0.00002765633646677  0.00002780779117556
  0.00002796126486712  0.00002811449272344  0.00002825876047826  0.00002840018833018
  0.00002853248100093  0.00002869649026048  0.00002888566875713  0.00002907173271772
  0.00002926555335061  0.00002945982528608  0.00002965085383560  0.00002983426858110
  0.00003001968430690  0.00003020579315694  0.00003039316657474  0.00003058009480256
  0.00003076179577596  0.00003093514388345  0.00003111343003057  0.00003130142613957
  0.00003149335532419  0.00003166315344545  0.00003175559263970  0.00003184322335850
  0.00003194330232356  0.00003204478078941  0.00003215709022890  0.00003237028022290
  0.00003262443573999  0.00003284996070400  0.00003302702212850  0.00003334736581792
  0.00003386570766719  0.00003433169922146  0.00003444160585122  1.00000000000000000
  0.12102830492246443  0.14805554427519899  0.17508278362793356  0.20754715625799566
  0.24021471993730936  0.26203748432862112  0.28446784974377459  0.31135044198408385
  0.31765194708585054  0.32101789418937932  0.32683480938226256  0.33231674729594612
  0.33825174072033820  0.34372791572499017  0.34827380172736161  0.35289373843981647
  0.35757289671658699  0.36276762393203066  0.36776520118598316  0.37323726896173948
  0.37804014154594656  0.38227830430547255  0.38654675903452052  0.39081704984551469
  0.39561045491061664  0.40039939872539215  0.40513441414715917  0.40987931906215469
  0.41424290084972409  0.41867633348779260  0.42330854058181250  0.42820621552770355
  0.43245304622074854  0.43664915234865659  0.44137349435896173  0.44602065718759187
  0.45051067455150262  0.45503419431790088  0.45975826071859510  0.46430396264831386
  0.46864589168034104  0.47310939709455102  0.47778033291850680  0.48278876832828094
  0.48823253482899737  0.49355763722867069  0.49838960266575522  0.50304611900704910
  0.50718840818910149  0.51101436257920407  0.51483164795719205  0.51879032310285345
  0.52291856251136748  0.52801268415760216  0.53355629122823711  0.53879726050240417
  0.54314421551851133  0.54729074659467336  0.55209044215718261  0.55794785621676823
  0.56324575290597967  0.56689763496243784  0.56993903792854272  0.57281166674312922
  0.57560855716570114  0.57895680239294078  0.58432715625586196  0.58981094580156435
  0.59580613758677536  0.60101453181553310  0.60595851798116351  0.61079293995820361
  0.61587761938361985  0.62122658107165596  0.62686826271308327  0.63276796726662365
  0.63886763325399398  0.64522482091292876  0.65193882979420281  0.65771991669930829
  0.66128294648583030  0.67321204445862859  0.68743033562264233  0.70391943359006559
  0.71166483447247508  0.71974399741639050  0.72878347072273375  0.73770616061569494
  0.74560279817284314  0.75146770635951543  0.75772551083361006  0.78672813450917778
  0.84382976059634995  0.90995964419772990  0.95497982209886567  1.00000000000000000
 -0.00220702578504007  0.00305346717781094  0.00831396014066196  0.01357445310351297
  0.01883494606636398  0.02282905561270672  0.02661653090943173  0.03040400620615673
  0.03881262345137023  0.05186288091698447  0.06447538763037955  0.07284392112600395
  0.07960258517103543  0.09248257506009819  0.12178703991174322  0.14695079677811460
  0.16551948148858542  0.17945079788791723  0.19111518730962321  0.20315595327591163
  0.21501964186028957  0.22713829816510953  0.24031009598450120  0.25322983794891984
  0.26426189889397050  0.27525539509500646  0.28531381509211934  0.29495192910220769
  0.30555727987118747  0.31575502990068066  0.32690241782391632  0.33798083649799687
  0.34829387233977621  0.35777726746045213  0.36740518769572639  0.37691364872612698
  0.38471915334104728  0.39435787456447041  0.40865224348655071  0.42412252133415018
  0.43811098997486608  0.44655952400233595  0.45328504325628827  0.46471900953399825
  0.47708707251130950  0.48833858876732295  0.49956296149343954  0.51136824292538285
  0.52332139414541234  0.53451850655151090  0.54500553424802167  0.55516044227550110
  0.56523337205116164  0.57386691316662675  0.58171968808738528  0.59072431236361811
  0.59996227044061023  0.61113859008854543  0.62410395045473421  0.63766864299360282
  0.64927122203887122  0.65889096977113581  0.66829585300811400  0.67964305139575942
  0.69207027124703679  0.70433724337117676  0.71310384167667806  0.72036789121045530
  0.72908611623941688  0.74170020170425655  0.75277423371491214  0.76214802403515192
  0.77125793069540294  0.78153222672377320  0.79145499510692863  0.79982251648810665
  0.80860738356425266  0.81755975520265811  0.82650650853553698  0.83488692515720009
  0.84295362971724808  0.85246129335213805  0.86508791607923285  0.87778877204669070
  0.88858907863901437  0.89918098671208901  0.91021228849162450  0.92126830558748862
  0.93229103454999895  0.94263338349936876  0.95200802139239182  0.96168541312370537
  0.97108813366759261  0.98125931573893010  0.99050306527410148  1.00000000000000000
  0.16953176353307220  0.17216137445600377  0.17479098537893531  0.17742059630186688
  0.18054580815325391  0.18446105593710108  0.18837630372094821  0.19629570603698379
  0.20675982036042942  0.21336738460353821  0.22184882403265099  0.23037687777272370
  0.23899390188095559  0.24524013805094480  0.25999365613648667  0.27441137521401993
  0.28372026705280834  0.29222218877529554  0.30036862852494284  0.30820601382206236
  0.31584162690986622  0.32374780908898498  0.33150183417380541  0.33931299193233194
  0.34703043432385139  0.35552427151478200  0.36573263527095057  0.38251982088231606
  0.40094324228056782  0.42133658618795328  0.44050950256281229  0.44665185642095051
  0.45331768046131676  0.46014382929648895  0.46681262847221755  0.47414266932499660
  0.48135767558741099  0.48866422705182272  0.49474096474399809  0.49904807928677142
  0.50406389813916586  0.50930661507900210  0.51593371983690295  0.52452724132750295
  0.53382705879557224  0.54278524677790352  0.55036887154977110  0.55738389005581224
  0.56400287849300335  0.57061351026625518  0.57741422293902755  0.58483923388285952
  0.59236036771094580  0.59973247424089016  0.60738223521902113  0.61488078634780452
  0.62230688121317657  0.62937929535701775  0.63650335780552825  0.64337599804203283
  0.65017545334968130  0.65726103709155681  0.66334614237161516  0.66864202375666826
  0.67419252416678699  0.68005844107691871  0.68746054910462051  0.69594406873156922
  0.70347260034266978  0.71288956051518404  0.72664863025046733  0.73702183250417197
  0.74510229792248839  0.75368806146491785  0.76060838330713809  0.76632866815426604
  0.77033706826528503  0.77322828771000829  0.77576274212809759  0.77898512548208743
  0.78400438390602933  0.79344631185411751  0.80272812022754836  0.81276029876722555
  0.81903768806210719  0.82638730123370507  0.83345772211174374  0.83967867893280623
  0.84583597369771302  0.85105075878368919  0.86182021385798813  0.88328917102039217
  0.90102030347957052  0.91240761711009177  0.92379493074061347  1.00000000000000000
  0.00336150013777727  0.00541717493731460  0.00747284973685194  0.01112354551605219
  0.01561368079975983  0.02421490867321190  0.03250867927153156  0.03590480666577871
  0.04243711769876138  0.05237066947729203  0.06142018304267576  0.07213418100862423
  0.08453982165433502  0.09730249396083436  0.11005772153859865  0.12260905852630231
  0.13421154551133602  0.14504856902122432  0.16982876167368222  0.19108539481885073
  0.20456394883371379  0.21476326098865928  0.22538857577555219  0.23535510656534014
  0.24570682249993972  0.25707804093205655  0.26982605777757157  0.28073763456440398
  0.29150891782291888  0.30270405135028000  0.31416513565883281  0.32534550468132128
  0.33648322561863386  0.34663689670086067  0.35557929699503921  0.36422942923219798
  0.37363245348622215  0.38273342633011981  0.39221255518866038  0.40221977985926449
  0.41187055395941052  0.42207457535103871  0.43115046504235754  0.44301679507205138
  0.45569221288188089  0.46315221018638519  0.46887939881462759  0.47593536826426169
  0.48399091889762652  0.49280351579711279  0.50219968618158639  0.51127299701315265
  0.51739032035068433  0.52882310708811886  0.54458708217827800  0.56106590166721704
  0.57728893362846123  0.59305891492687068  0.60604358385980084  0.61508494267237968
  0.62165151459797108  0.62877697414904521  0.63749628103798950  0.64937820847324990
  0.66147144385037204  0.67491884035905947  0.68881880358413516  0.70273617348775674
  0.71396360281229088  0.72413520004995946  0.73339056526942747  0.74125037463166010
  0.75542568912252350  0.76956273791443508  0.78320134601251734  0.79674863683126318
  0.80975325397785847  0.82160500517914470  0.83191684670622457  0.84045374430820297
  0.84784704708967717  0.85490881427802967  0.86236209843047906  0.87056416885701460
  0.87978486617864204  0.89005940234082559  0.90125836549364802  0.91257990141001155
  0.92327178789372977  0.93462043958788033  0.94557734246280034  0.95649691248354851
  0.96695791782579377  0.97815436754484486  0.98927091057918404  1.00000000000000000
  0.18821461549371221  0.21456672451961514  0.23204691223706000  0.24664466889623321
  0.26108942246561784  0.27724090323216599  0.29138374864913208  0.29661412024397854
  0.29977647189418699  0.30465084874796283  0.30962549658747351  0.31509532554057468
  0.32062413551115243  0.32537590509916220  0.33073189043165424  0.33588466312285220
  0.34136576866518903  0.34584714665730232  0.35031392913856640  0.35569975348347005
  0.36213065586882509  0.36882194296731091  0.37430865909049249  0.37994380868181193
  0.38606024523515264  0.39250268420257728  0.39868729460455127  0.40443448813864297
  0.41019362115224378  0.41741041294474918  0.42474168410572055  0.43224368921501083
  0.43888933791025242  0.44461562675821653  0.44939194870574584  0.45429597118936638
  0.45912253179411916  0.46440070257583271  0.46985471991056665  0.47565551662424232
  0.48168309294463102  0.48758648704843205  0.49348431991676178  0.49927749695019513
  0.50501945509057755  0.51060329867255172  0.51604782992660769  0.52163870645843580
  0.52746315714664749  0.53248919034049880  0.53745109606670494  0.54226342449786480
  0.54709202945770219  0.55223644349914558  0.55757601738776374  0.56229761188781890
  0.56698995502832561  0.57165722295759991  0.57709523852654088  0.58291988471893807
  0.58928236566413239  0.59485170597899462  0.60029652885815066  0.60536966774109358
  0.60900983163481714  0.61262222757832485  0.61639670478294495  0.62029744644870222
  0.62553652062845067  0.63166588378619482  0.63834574948650402  0.64523572018764308
  0.65202551866916236  0.65870422134699391  0.66551035032652972  0.67240096667150739
  0.67919411673998753  0.68806369965173841  0.70124996779181137  0.71910726641448708
  0.73302014038021568  0.74149651856253662  0.74821869156214127  0.75386514968465479
  0.75870628199803591  0.76028395195091991  0.76541150465153507  0.77528015955052587
  0.78924823142024458  0.80345691030757416  0.81891394013775398  0.83598532631503786
  0.85014387012441983  0.85764387222148419  0.86311685558543505  1.00000000000000000
 -0.00082904544037329  0.00522219326686475  0.01047084975136627  0.01580168833719980
  0.02179855860191272  0.03171584485369437  0.04239528752163926  0.05266565677060523
  0.06263249761641509  0.07361338147045880  0.08550634300866630  0.09694717775137003
  0.10538465583320739  0.11238952784705875  0.12282853262901104  0.13682732084286367
  0.15415874612265196  0.17459875844294576  0.19412864962051044  0.20585453911948678
  0.21705132221550053  0.22737518921619365  0.23711116401927357  0.24846521565130994
  0.26259979264241479  0.28194143405692096  0.29994625302157385  0.31569970613654658
  0.32929255255257595  0.34035467606815872  0.35128793113210521  0.36195909165284929
  0.37265364277312901  0.38380422813898613  0.39489817248505643  0.40466611830338473
  0.41312824118094887  0.42062714448297572  0.42840675134612827  0.43722037620920234
  0.44777502388538704  0.45846455917861978  0.46746285740809201  0.47571790307349077
  0.48392975742045591  0.49250922640047673  0.50083000198680039  0.50896301555450740
  0.51677556179914197  0.52680999991862831  0.53915039955089639  0.55072662273014250
  0.56156369099752801  0.57191586634114089  0.58160586002483128  0.59030225877648113
  0.59880457537791076  0.60742797232512957  0.61605728077232724  0.62438555462562328
  0.63203275083179833  0.63963496480399040  0.64724102001507222  0.65539393378929633
  0.66367888867581881  0.67278076903134265  0.68654284940489729  0.70668549940817771
  0.71858522618276877  0.72801658922739410  0.73732528651601859  0.74652537534961994
  0.75595604866356703  0.76589713325289732  0.77627091258944136  0.78752241120408928
  0.79912973810428700  0.81035060755574229  0.82061509933524657  0.83067960717548062
  0.84055675365999261  0.85107406938987284  0.86383663417953027  0.87756302726673996
  0.88897219422443075  0.89905843350682779  0.90959947634850258  0.91915573367331527
  0.92736331081854528  0.93706519772176022  0.95367123425001998  0.96600753079587942
  0.97560312314033593  0.98446999139355906  0.99269743165620117  1.00000000000000000
  0.18441191374128574  0.19778585466141496  0.20965017563547003  0.22149460420098963
  0.23316010330355671  0.24479284706129598  0.25663514390104436  0.26722649821678612
  0.27654068453630859  0.28558654003759393  0.30187479800089873  0.31627258597752878
  0.32746856955716014  0.33733203075061313  0.34749705832031369  0.35768943643136658
  0.36642295066839387  0.38002480819685031  0.39498564906340511  0.40590306722776931
  0.41400487288458709  0.42217255529239528  0.43054471237915992  0.43852013368530740
  0.44612713672485615  0.45371350391294429  0.46179001348235044  0.46956793083922954
  0.47597008060952123  0.48157444635929780  0.48741697538853146  0.49450794716890245
  0.50210881879655056  0.51062798256421416  0.51909197803773821  0.52686028602767865
  0.53398772697764996  0.54109553343711680  0.54829504973743004  0.55598739897931126
  0.56334157312963518  0.56960796171147798  0.57517551132212918  0.57994147659622353
  0.58522669556760010  0.59266587913595248  0.60212425662240909  0.61091830963631000
  0.61934522307412943  0.62762679333091997  0.63566474393742656  0.64466141809455879
  0.65289216659344007  0.66099618776192781  0.66888702139785017  0.67722314061246891
  0.68635102664547742  0.69549954398676073  0.70402929387078017  0.71263893106240250
  0.72202210922243393  0.73324623361882180  0.74370245455722495  0.75350922078289029
  0.76277828051512031  0.77245359931244961  0.78098793240907960  0.78856631901401075
  0.79623842859149208  0.80366992654357317  0.81122692520114525  0.82020821138535671
  0.83034804420361286  0.84011375709092362  0.84909008172997591  0.85774277535819698
  0.86662426461247333  0.87537681634764908  0.88263544415935458  0.88891622925768521
  0.89488281436488193  0.90124607076819974  0.90950571935156910  0.91714346038033756
  0.92328763131531777  0.92867917207469941  0.93360474510252045  0.93865173899793808
  0.94373446487968637  0.94947028180657644  0.95552499923731904  0.96039016708396840
  0.96396072181575265  0.96759704914852773  0.97046161750175197  1.00000000000000000
  0.21273466554713097  0.22535529294944426  0.23586457209415002  0.24806791457368738
  0.25767143826839778  0.26783365500312650  0.27791333427301002  0.28836868810265165
  0.29755346858108528  0.30583413405701648  0.31356279865326514  0.32164289329770013
  0.33055932472726013  0.33892207679594177  0.34623101935342532  0.35312865116766895
  0.36089997622191322  0.36964534307665003  0.37855026521442819  0.38686293218060708
  0.39481062411413353  0.40341699590077529  0.41242187994435553  0.42091528386397636
  0.42817206742738317  0.43472499271611026  0.44075969933935955  0.44623816407861311
  0.45218568240290147  0.45841598755339702  0.46469510493992428  0.47073218934729033
  0.47642226228955170  0.48280820096133326  0.48873193566491413  0.49449052839785501
  0.49911362974962636  0.50437782006778520  0.50959317052585362  0.51549173743678212
  0.52290628737416667  0.53057669527843954  0.53857925167039233  0.54550274789887110
  0.55158377836808015  0.55780497356076530  0.56391781501439486  0.57085896102666489
  0.57817175075883065  0.58480674777230601  0.59068033458284919  0.59616660385698317
  0.60165722159929658  0.60681478076163942  0.61108018436843758  0.61512465708264208
  0.61936017142415722  0.62414317680820552  0.62945294272406882  0.63438224451061132
  0.63914692752282021  0.64365863248000710  0.64837713937144514  0.65355489138207989
  0.65900841365483320  0.66326845946668789  0.66736627453340136  0.67132797726698978
  0.67575860492344775  0.68051749886733592  0.68519056252381338  0.68987608368419917
  0.69469361328954882  0.69961642071188868  0.70424828203138412  0.70709306158457919
  0.70985311372196869  0.71261146466365566  0.71525998043228534  0.71860608184408947
  0.72253139200232208  0.72564414938627630  0.72841032714208886  0.73158805683406636
  0.73474712917790563  0.73824765940574544  0.74257886344574320  0.74746799177618584
  0.75214813328411512  0.75574253457724772  0.75859504379883946  0.76272811223884962
  0.77008073520238951  0.78099527177731887  0.79671827422607722  1.00000000000000000
   4.9894211415781622E-019  -1.0000000000000000     
 T T T T T T T T T T T T T T T T F F F F F F F F F F F F F F F F F F F F F F F F F F F F F F F F T T T T T T T T T T T T T T T T T T T T T T T T T T T T T T T T F F F F F F F F F F F F F F F F F F F F F F F F F F F F F F F F T T T T T T T T T T T T T T T T
  <DiscreteSampler_grid>
  grouped_processes
  1 # 1 for a reference and 2 for a running grid.
  10 # Attribute 'min_bin_probing_points' of the grid.
  1 # Attribute 'grid_mode' of the grid. 1=='default',2=='initialization'
  0.0000000000000000 # Attribute 'small_contrib_threshold' of the grid.
  0.5000000000000000 # Attribute 'damping_power' of the grid.
 # binID   n_entries weight   weight_sqr   abs_weight
    13   10   1.583462478915778E-008   8.421970774637089E-016   1.583462478915778E-008
    14   10   1.583462478915780E-008   8.421970774637111E-016   1.583462478915780E-008
    16   10   2.241353190026210E-008   1.709587348638889E-015   2.241353190026210E-008
    17   10   2.241353190026210E-008   1.709587348638889E-015   2.241353190026210E-008
    22   10   1.010320880911684E-008   3.922910620729569E-016   1.010320880911684E-008
    23   10   1.010320880911684E-008   3.922910620729569E-016   1.010320880911684E-008
    25   10   1.188729989521122E-008   6.094488502800125E-016   1.188729989521122E-008
    26   10   1.188729989521122E-008   6.094488502800125E-016   1.188729989521122E-008
    31   10   1.010320880911685E-008   3.922910620729569E-016   1.010320880911685E-008
    32   10   1.010320880911685E-008   3.922910620729569E-016   1.010320880911685E-008
    34   10   1.188729989521122E-008   6.094488502800125E-016   1.188729989521122E-008
    35   10   1.188729989521122E-008   6.094488502800123E-016   1.188729989521122E-008
    40   10   1.583462478915778E-008   8.421970774637089E-016   1.583462478915778E-008
    41   10   1.583462478915779E-008   8.421970774637106E-016   1.583462478915779E-008
    43   10   2.241353190026209E-008   1.709587348638888E-015   2.241353190026209E-008
    44   10   2.241353190026210E-008   1.709587348638889E-015   2.241353190026210E-008
    49   10   1.583462478915778E-008   8.421970774637087E-016   1.583462478915778E-008
    50   10   1.583462478915779E-008   8.421970774637103E-016   1.583462478915779E-008
    52   10   2.241353190026210E-008   1.709587348638889E-015   2.241353190026210E-008
    53   10   2.241353190026210E-008   1.709587348638889E-015   2.241353190026210E-008
    58   10   1.010320880911684E-008   3.922910620729571E-016   1.010320880911684E-008
    59   10   1.010320880911684E-008   3.922910620729567E-016   1.010320880911684E-008
    61   10   1.188729989521122E-008   6.094488502800125E-016   1.188729989521122E-008
    62   10   1.188729989521122E-008   6.094488502800127E-016   1.188729989521122E-008
    67   10   1.583462478915778E-008   8.421970774637087E-016   1.583462478915778E-008
    68   10   1.583462478915779E-008   8.421970774637106E-016   1.583462478915779E-008
    70   10   2.241353190026210E-008   1.709587348638888E-015   2.241353190026210E-008
    71   10   2.241353190026210E-008   1.709587348638889E-015   2.241353190026210E-008
    76   10   1.010320880911685E-008   3.922910620729572E-016   1.010320880911685E-008
    77   10   1.010320880911684E-008   3.922910620729571E-016   1.010320880911684E-008
    79   10   1.188729989521122E-008   6.094488502800127E-016   1.188729989521122E-008
    80   10   1.188729989521122E-008   6.094488502800127E-016   1.188729989521122E-008
  </DiscreteSampler_grid>
