  0.02994469581191550  0.03866666824152574  0.04876899961216991  0.05976797698030249
  0.07061597355830820  0.08207138021196939  0.09400298530348802  0.10516937126686809
  0.11433974464835324  0.12334205352439549  0.13227423615013048  0.14143006778877770
  0.15139540344739585  0.16132145301160114  0.17197590905295385  0.18203557498630890
  0.19170269983316587  0.20153223165125786  0.21175679179289408  0.22232578707457731
  0.23307324061132004  0.24368141762811710  0.25408162882374558  0.26440918056543838
  0.27454178976279858  0.28461976484271762  0.29504598924005310  0.30608874516511569
  0.31710112263416596  0.32770232821392348  0.33846862643843767  0.34896713853124850
  0.35954121202970163  0.37026064195235275  0.38066986350427595  0.39077688652197945
  0.40024970117616732  0.40941859687324483  0.41847334520175905  0.42755278349894460
  0.43689263324962874  0.44676845561800183  0.45709278707086159  0.46688929316492633
  0.47636834787006477  0.48577557804833221  0.49611166381902383  0.50733115547744245
  0.51841198305368008  0.52881314849071459  0.53799523016719697  0.54710848070679075
  0.55613513170953155  0.56534756630430882  0.57490044267840867  0.58491218680705126
  0.59570510574062441  0.60624425992472597  0.61608961812552276  0.62596505846533324
  0.63661892136260267  0.64667312479186279  0.65732259440324126  0.66765798177403635
  0.67833266210108611  0.68864944366248571  0.69853250860737715  0.70874533565219588
  0.71876699168262348  0.72847630005128106  0.73809168203614650  0.74751773406487276
  0.75735973473171414  0.76697669688093395  0.77671940796181305  0.78663329361747603
  0.79714673219784737  0.80692251092727940  0.81652660825079260  0.82676426240642409
  0.83709465957298768  0.84828119183070250  0.85924705139021962  0.86875012626044479
  0.87733417812646719  0.88536947697043389  0.89442121799303909  0.90480174512299727
  0.91540646237571588  0.92571380319072316  0.93616095529822918  0.94636862663229437
  0.95645785247094672  0.96455647157460322  0.96893636877515099  1.00000000000000000
  0.00010234005099347  0.00011748923885202  0.00012983822615293  0.00013948925885680
  0.00014818241679666  0.00015647030621048  0.00016423196108456  0.00017150985382717
  0.00017879421776774  0.00018609056219106  0.00019357971744958  0.00020126102772053
  0.00020876967993993  0.00021686822172476  0.00022515159843002  0.00023344672372960
  0.00024186549943748  0.00025017992743534  0.00025842162056060  0.00026676902779916
  0.00027525897146118  0.00028398858259540  0.00029295470619699  0.00030249719200690
  0.00031236663751362  0.00032171744223665  0.00033172471235430  0.00034206013896818
  0.00035251170461892  0.00036414868466783  0.00037695844429380  0.00039026730093896
  0.00040418352716039  0.00041798663966398  0.00043083614277666  0.00044315781371097
  0.00045515447623726  0.00046774195086418  0.00048154122978708  0.00049610732184924
  0.00051146395103234  0.00052746015281007  0.00054359636423425  0.00056048682168121
  0.00057872117811319  0.00059792873613156  0.00061843586994483  0.00063934071180843
  0.00066121099114013  0.00068357560391245  0.00070886308783161  0.00073129263803344
  0.00075238829234498  0.00077348874455340  0.00079623832130682  0.00082146026341124
  0.00085053255762053  0.00088268516039419  0.00091451915124692  0.00094518847304254
  0.00097586714138932  0.00100980753381692  0.00104860099149726  0.00109047202261600
  0.00113258445709959  0.00117633633880912  0.00122187226185666  0.00126919696665172
  0.00132294788355787  0.00138143347111800  0.00144628231658197  0.00152001869705425
  0.00160506104914415  0.00170261016644425  0.00180248968707035  0.00192091263779621
  0.00207122529714181  0.00224814694349104  0.00238081944508769  0.00249827995473843
  0.00262229428898718  0.00274706963681197  0.00289245502327824  0.00304937307515863
  0.00321505404287285  0.00344207643423878  0.00381579829192768  0.00423695103785009
  0.00457770902983962  0.00512638555503642  0.00580847266475915  0.00654193014247677
  0.00801554293340185  0.01143147767618451  0.01743407201740979  1.00000000000000000
 -0.00002317883348738  0.00035262095059508  0.00112565867678919  0.00235250652896068
  0.00411611310670173  0.00625107052352697  0.00879079129373501  0.01181105382426773
  0.01514175783074332  0.01876796564916483  0.02274056582490134  0.02698441239298409
  0.03126046045966349  0.03591426999375672  0.04135135528791068  0.04722312066728374
  0.05331291153663009  0.05947832121621147  0.06562270157844992  0.07189005031492426
  0.07924272019047840  0.08700844849004261  0.09493012651109863  0.10263706184822334
  0.11034423569932623  0.11838696022099469  0.12675291326542898  0.13556551352982507
  0.14472271462067141  0.15435824723646732  0.16426078637278152  0.17387066878990104
  0.18338467853809703  0.19276381015028982  0.20185915939316676  0.21136168593461990
  0.22120711111635899  0.23132620481044547  0.24199573138448169  0.25277471582830863
  0.26321777228528354  0.27360412108198945  0.28417886442865459  0.29481810721460844
  0.30530970871005531  0.31604070831428405  0.32732050855400763  0.33830181885260352
  0.34897562697969625  0.36078757711536708  0.37301027107458568  0.38586535095173019
  0.39839585837659297  0.41106275299379991  0.42401408172414312  0.43716850466557294
  0.45058592709735285  0.46453769579993281  0.47776426251054638  0.49070754734447758
  0.50347664872387132  0.51622572111748144  0.52921438471790727  0.54269828125065778
  0.55636669441188868  0.56937429762097258  0.58248396536891134  0.59580291864842283
  0.60939854237307667  0.62345188648357308  0.63753634775616419  0.65149169721475697
  0.66526397641262913  0.67883017756636144  0.69229033822630781  0.70651924253919340
  0.72101224551368404  0.73587640219714923  0.75081455856920121  0.76550120625467732
  0.78068177703206387  0.79602847523205233  0.81190058621652994  0.82795498361694075
  0.84348516681393371  0.85825014935307076  0.87258892228547291  0.88688300498820860
  0.90140348993089037  0.91626043161734438  0.93118142206747245  0.94590418803701892
  0.95949437441977758  0.97307310365184607  0.98664913479471295  1.00000000000000000
 -0.00278951910027956  0.00999244903499430  0.02108527687751281  0.03181079484946626
  0.04218967464497345  0.05187266405887225  0.06095849421329791  0.07020043885560669
  0.08000983182366289  0.09097777142277523  0.10176080374723311  0.11194824595327142
  0.12217298404727529  0.13362953271231412  0.14569739565669548  0.15701057574190963
  0.16754485533379543  0.17786631623053406  0.18807090333147752  0.19817625300499975
  0.20859156272882190  0.21920871275886322  0.22956131999018164  0.23962808762060217
  0.24979360648907459  0.25977071436811866  0.26905406826167377  0.27833329406647278
  0.28817889170415645  0.29860637117751071  0.30849937015766415  0.31910450767172960
  0.32944178791960765  0.33980355967404813  0.34953711163209084  0.35951711102162914
  0.36985635551802376  0.38037269330201567  0.39039926239005823  0.40031785732357883
  0.41065984739748296  0.42133792948386356  0.43159809036589653  0.44181017939189965
  0.45160915583695599  0.46156542922146421  0.47120511800391962  0.48139908249772434
  0.49215402993215679  0.50320798200367878  0.51461170913065923  0.52612714021956419
  0.53876416265084182  0.54967306721626064  0.56053076152187142  0.57037322595372630
  0.58080977297018832  0.59131813546734868  0.60127146579202406  0.61112866204912863
  0.62159334077055173  0.63280047337888035  0.64372469419064249  0.65442229547524888
  0.66563026871679976  0.67740372993762532  0.68896343370946178  0.70044793829487451
  0.71121925490471227  0.72212099511778738  0.73253009070718877  0.74289948296125741
  0.75300294140250967  0.76343419878505336  0.77423651930033088  0.78572365673562494
  0.79731647754832213  0.80922824039037955  0.82165651019268182  0.83406478887511970
  0.84550897127056035  0.85632620754002797  0.86675701929340010  0.87715318145479182
  0.88744641445309513  0.89730841130197891  0.90693808687419297  0.91685590976698672
  0.92677284295951279  0.93645990648487598  0.94618658110688525  0.95666734691460587
  0.96717853746269489  0.97787939661292578  0.98873977387932188  1.00000000000000000
 -0.00125439800335148  0.00756532871633716  0.01581683838644122  0.02449613859997654
  0.03349127971311677  0.04288853590187287  0.05254764611418360  0.06222325945041107
  0.07209972747734991  0.08214882007660143  0.09352673715500406  0.10534727519493788
  0.11643578630117365  0.12652236787119253  0.13562478808117873  0.14533360157095357
  0.15578189638756859  0.16557904667529275  0.17501334061084081  0.18431040236091778
  0.19514028414508794  0.20770425507756840  0.21935389176733433  0.23133056373481317
  0.24294439757555047  0.25447474229977818  0.26559279551610104  0.27714046712022150
  0.28896263713355191  0.30006698721848263  0.31071302886198554  0.32122790284255220
  0.33165278859919911  0.34239999363564078  0.35316049209603911  0.36350158534602972
  0.37343831158632684  0.38325549960828309  0.39360124969547677  0.40415991359306408
  0.41397472262015822  0.42341808837530936  0.43276794669265173  0.44314050437323138
  0.45463754905211173  0.46654266429778535  0.47784180007745641  0.48822815784125395
  0.49836726269456560  0.50832008033951193  0.51843060207688529  0.52838220727473273
  0.53762476232807621  0.54664943090435603  0.55611143751902903  0.56596696914155520
  0.57570102991684657  0.58547040510197967  0.59606620579004022  0.60692074375672811
  0.61808867180359761  0.62911797193690655  0.64117488316433779  0.65453152434065875
  0.66884257970080907  0.68260812992617903  0.69564498128087915  0.70831819822446940
  0.72026130362930307  0.73158787624815091  0.74239017642545146  0.75257027664346998
  0.76240411398572849  0.77208907951248162  0.78222874971996403  0.79220041275163378
  0.80280244630365505  0.81236029576686142  0.82385250993612824  0.83508376257775818
  0.84678499717894873  0.85779183699986972  0.86905175670038370  0.87960319354857508
  0.89002664123999042  0.90086795183112089  0.91169033037676406  0.92292415730882471
  0.93375960656209811  0.94391225643378607  0.95413713194378424  0.96462144528262472
  0.97501577666382533  0.98447947656149082  0.99238655988900104  1.00000000000000000
 -0.00250184126366478  0.01013450189191692  0.01926902291744264  0.02832872807321139
  0.03807742993566670  0.04822204551220891  0.05867597006652777  0.06892499048437652
  0.07932333688533574  0.08981176455608246  0.10019006190588978  0.11019685745515354
  0.12061170150940970  0.13132720748709556  0.14220488058113462  0.15259276486000950
  0.16277810330927159  0.17366477543180758  0.18422380720979920  0.19477998983016159
  0.20494114159576104  0.21556237302654374  0.22696558352610927  0.23774407272249268
  0.24711945630776908  0.25593213279673988  0.26506548281908809  0.27533786405421939
  0.28622418800663529  0.29643665675590325  0.30585691802668924  0.31551743356822620
  0.32582439630364690  0.33586371766752299  0.34535918248859032  0.35504663872863507
  0.36575081377702706  0.37664985329304002  0.38705487786476339  0.39770149706322327
  0.40781038535413122  0.41752001407062905  0.42726890967570574  0.43738328210080263
  0.44781274668880228  0.45862961704488181  0.47049435070080747  0.48226546969461315
  0.49348267405198676  0.50440263933051943  0.51511775076828881  0.52536178014786505
  0.53483016600454270  0.54545296002121746  0.55592082292836764  0.56608230704071527
  0.57608259657496441  0.58609197555165959  0.59671234635129189  0.60800820848784043
  0.61956327529106681  0.63155886105648218  0.64332268950348803  0.65521680767887469
  0.66732500673118045  0.67920934391212218  0.69071770168642321  0.70203793580773044
  0.71247362987748430  0.72231281575547368  0.73243100565335584  0.74201702070488018
  0.75285373084615770  0.76302879442081495  0.77357408878525635  0.78518432292783080
  0.79750032566499862  0.80975951274866020  0.82125018075872425  0.83234264743884201
  0.84380947552877705  0.85504623935800217  0.86538696919150604  0.87536537867994024
  0.88534971704092480  0.89582794519498032  0.90621608607705051  0.91603509575350284
  0.92547625773188580  0.93461643653727211  0.94477111617880083  0.95484864320839546
  0.96612582621183529  0.97697081028229338  0.98874458583912972  1.00000000000000000
  0.00526711911987558  0.01092411189944284  0.01669688306169903  0.02353974167032250
  0.03148263523716971  0.04018655980477315  0.04915208850906571  0.05807438595790417
  0.06765193903568920  0.07735632856187091  0.08640045217583552  0.09591824219598814
  0.10532373425368627  0.11522572000903779  0.12577868221302388  0.13552756856816978
  0.14519433794400424  0.15488835039414248  0.16461702776668471  0.17490592922516143
  0.18500423282377393  0.19523820849454077  0.20557732640971968  0.21575653883214102
  0.22576576857902769  0.23668232803565722  0.24808072831095040  0.26010096822218248
  0.27204979655281064  0.28271206765686646  0.29333860141178286  0.30362683072290364
  0.31416240645824711  0.32445455272927964  0.33475809963655767  0.34579545307565274
  0.35773442406976041  0.37019621298958977  0.38183364888608928  0.39319889497836541
  0.40474452499634117  0.41645759542206351  0.42787376750209466  0.43949290977231947
  0.45142968363694280  0.46392185772966127  0.47794037291709629  0.49201806220883193
  0.50559766921333260  0.51915388563635434  0.53131868136012350  0.54293562723758659
  0.55406124248424538  0.56630993294610177  0.57955035811646538  0.59180935382644917
  0.60359563377358116  0.61498269052527710  0.62621194258859347  0.63741670812842943
  0.64923304013572802  0.66102613272491140  0.67278582864542635  0.68490922656578068
  0.69622675101209908  0.70663593126873780  0.71739375053321441  0.72865083026452060
  0.74083473354057983  0.75303906986502933  0.76622687276448076  0.77745492516630843
  0.78899282932949744  0.79919301076225835  0.81042783725428125  0.82118741061753342
  0.83102657119676815  0.84050062911861168  0.85023033706731832  0.86135575951351451
  0.87251659212087851  0.88371115552921675  0.89324273998866577  0.90264092911545468
  0.91192137234849258  0.92118270927752588  0.93029850887978116  0.93919697366842658
  0.94846934831887220  0.95895436218700503  0.96822688236948318  0.97684154299735093
  0.98399372807070884  0.98966312494814768  0.99492907607347836  1.00000000000000000
 -0.00239668101187460  0.00835499204168573  0.01884979773860930  0.02973529337214599
  0.04185083932638105  0.05385717283903060  0.06565731738596618  0.07688584608176559
  0.08753762571963163  0.09781252749031470  0.10814351960035898  0.11910075559238487
  0.13018695758105914  0.14061050510336559  0.15078092467441478  0.16090959949879796
  0.17174899025153786  0.18322930797769824  0.19575460081203294  0.20807944124930527
  0.22027414024913913  0.23251336753683385  0.24443076904177616  0.25584629748252241
  0.26651711396075006  0.27698341522362135  0.28790757061027816  0.29883803946702997
  0.30967802352869250  0.32017638261664155  0.33020774702182815  0.34044448914999192
  0.35138424810696078  0.36338888983746742  0.37582801262649657  0.38772576224900163
  0.39949335918844769  0.41160352930667055  0.42329061311268934  0.43392375740357320
  0.44435903876509286  0.45434640238145957  0.46404829932709835  0.47372809680177846
  0.48461075574857543  0.49531177758995598  0.50480556878149818  0.51368084346448251
  0.52311737398312252  0.53380005812983400  0.54477389052316072  0.55622461476914709
  0.56653738723289204  0.57624471055901438  0.58567381016328668  0.59556608677521183
  0.60546985531895026  0.61503438745454087  0.62433271677148605  0.63406546778554884
  0.64388743767022594  0.65331486598899879  0.66259214599778826  0.67206081308102217
  0.68160399512084802  0.69037847110564488  0.69879434359875159  0.70714699746974130
  0.71779073392595316  0.72929971336498867  0.74073929074243705  0.75203634517348394
  0.76212312878466149  0.77163864940757299  0.78145290481378726  0.79145036604486141
  0.80175175507032581  0.81185822165260013  0.82247088162473148  0.83350736835044681
  0.84444006597187460  0.85515958042356643  0.86483229372120451  0.87429123478627191
  0.88317668214299361  0.89205794842018460  0.90169754715190509  0.91121972051216804
  0.92143583224499537  0.93225146117680813  0.94426964293389348  0.95663914785212989
  0.96792162834333373  0.97895451094225239  0.98938569816115840  1.00000000000000000
  0.10838522531395064  0.13227091137299660  0.15831096460087260  0.18457334054818508
  0.20793345821763873  0.22812165304978760  0.24694252559327382  0.26361581926717453
  0.27950962202842999  0.29508101535113634  0.31172578556552805  0.32762729141160329
  0.34287613543667961  0.35776131015888052  0.37180063616558634  0.38480215469260887
  0.39669361314165014  0.40900608831499408  0.42161141730510759  0.43486171804957979
  0.44784599772226619  0.46008741180314427  0.47190708323936537  0.48371693874077892
  0.49579866842704645  0.50748490074316355  0.51865527536847811  0.53006751619582848
  0.54037968434257855  0.54951691266417590  0.55789920975715013  0.56590615795860189
  0.57410766612896891  0.58257141333362206  0.59138005313140452  0.60002046954409471
  0.60876769037827960  0.61755049442685894  0.62591794902541520  0.63359993043041718
  0.64116323659616625  0.64893996423857903  0.65673181006155101  0.66416668728837602
  0.67134979281595031  0.67852024913242903  0.68568953709566605  0.69266669558163574
  0.69935249827470258  0.70587389759248154  0.71234055442113364  0.71892427156477368
  0.72578847256784951  0.73288669162422204  0.74026109126311113  0.74761138692251006
  0.75465178965898805  0.76148085790241282  0.76807610875481935  0.77472380473768276
  0.78128801686194094  0.78770017260051517  0.79399472678147975  0.80037299591258437
  0.80612707700325237  0.81188625935015801  0.81783592381760406  0.82378735052354235
  0.82982990772786858  0.83647007906413673  0.84281814307376857  0.84917569734526555
  0.85518109645329343  0.86082074627454841  0.86625335497108258  0.87171432639559820
  0.87686650820629575  0.88171799349208002  0.88674479270115358  0.89173633152857301
  0.89666940605109258  0.90180269726993922  0.90709585261102954  0.91235437618235660
  0.91758473880370628  0.92308691811461252  0.92895980457623872  0.93462774597754583
  0.94155236641514473  0.94862431959545246  0.95551952065664825  0.96246988413771017
  0.96953199478933649  0.97689130538791824  0.98688793961951737  1.00000000000000000
 -0.00280146189753204  0.14735484605654370  0.18424290183058142  0.20897263276639300
  0.23127982371946074  0.25108171915032768  0.26822435421867646  0.28328103991600045
  0.29706543494805615  0.31046836634702701  0.32291127879304776  0.33536353297388394
  0.34823020089132328  0.36060317964779964  0.37186160403876273  0.38292794743449066
  0.39354768532374873  0.40327755649800368  0.41262058956285935  0.42224180742624340
  0.43229539425218316  0.44195529794137223  0.45082296760342250  0.45906826775186582
  0.46720483862868423  0.47557694791839977  0.48419755089342986  0.49258910451151749
  0.50042254149069254  0.50769867069750796  0.51477019103566624  0.52202171009574372
  0.52918487304237016  0.53681112796961250  0.54386414659862503  0.55040456934046511
  0.55691191833683928  0.56360658248201612  0.57018726395592101  0.57660561844736924
  0.58270756742162311  0.58866061528440305  0.59474412322933090  0.60098465495788478
  0.60745647013069726  0.61416038762303016  0.62081641499713180  0.62723807565683198
  0.63312848166742020  0.63839057340909100  0.64320433212453820  0.64832403897327195
  0.65379229004332440  0.65952570402632249  0.66528486833818767  0.67082341292138359
  0.67615873550885153  0.68154242413359978  0.68716803525264170  0.69296893947549620
  0.69878406326724318  0.70396161442511351  0.70890246855833006  0.71347320044709805
  0.71802203349196048  0.72265641552710802  0.72737370356547260  0.73237863113162727
  0.73792940138367891  0.74362356460772994  0.74923707161473030  0.75456967335612291
  0.75961584069334154  0.76455745212257264  0.76937561617104688  0.77421250163571409
  0.77901069630883812  0.78370272587428336  0.78851454123116527  0.79354151224892622
  0.79901759752580792  0.80489552973368717  0.81080015822163420  0.81675512753051305
  0.82266955657947249  0.82837554355676046  0.83487402949750089  0.84227801144442316
  0.85033887381503115  0.85914388638190387  0.86931697686042375  0.88301451056865643
  0.90079258345684698  0.92390067729832959  0.98204611335668635  1.00000000000000000
   1.0905682702854432E-011  -1.0000000000000000     
 T T T T T T T T T T T T T T T T F F F F F F F F F F F F F F F F F F F F F F F F F F F F F F F F T T T T T T T T T T T T T T T T T T T T T T T T T T T T T T T T F F F F F F F F F F F F F F F F F F F F F F F F F F F F F F F F T T T T T T T T T T T T T T T T
  <DiscreteSampler_grid>
  grouped_processes
  1 # 1 for a reference and 2 for a running grid.
  10 # Attribute 'min_bin_probing_points' of the grid.
  1 # Attribute 'grid_mode' of the grid. 1=='default',2=='initialization'
  0.0000000000000000 # Attribute 'small_contrib_threshold' of the grid.
  0.5000000000000000 # Attribute 'damping_power' of the grid.
 # binID   n_entries weight   weight_sqr   abs_weight
    13   10   1.283023781989977E-002   3.654633831679932E-004   1.283023781989977E-002
    14   10   1.283023781989977E-002   3.654633831679938E-004   1.283023781989977E-002
    16   10   1.641270285347515E-002   6.926192865385120E-004   1.641270285347515E-002
    17   10   1.641270285347515E-002   6.926192865385128E-004   1.641270285347515E-002
    22   10   1.340587672833315E-002   4.229245583612904E-004   1.340587672833315E-002
    23   10   1.340587672833314E-002   4.229245583612888E-004   1.340587672833314E-002
    25   10   1.720554090296721E-002   8.122736719278795E-004   1.720554090296721E-002
    26   10   1.720554090296719E-002   8.122736719278760E-004   1.720554090296719E-002
    31   10   1.340587672833315E-002   4.229245583612905E-004   1.340587672833315E-002
    32   10   1.340587672833314E-002   4.229245583612888E-004   1.340587672833314E-002
    34   10   1.720554090296721E-002   8.122736719278795E-004   1.720554090296721E-002
    35   10   1.720554090296719E-002   8.122736719278760E-004   1.720554090296719E-002
    40   10   1.283023781989977E-002   3.654633831679932E-004   1.283023781989977E-002
    41   10   1.283023781989978E-002   3.654633831679939E-004   1.283023781989978E-002
    43   10   1.641270285347514E-002   6.926192865385112E-004   1.641270285347514E-002
    44   10   1.641270285347515E-002   6.926192865385125E-004   1.641270285347515E-002
    49   10   1.283023781989977E-002   3.654633831679932E-004   1.283023781989977E-002
    50   10   1.283023781989977E-002   3.654633831679938E-004   1.283023781989977E-002
    52   10   1.641270285347514E-002   6.926192865385117E-004   1.641270285347514E-002
    53   10   1.641270285347516E-002   6.926192865385135E-004   1.641270285347516E-002
    58   10   1.340587672833315E-002   4.229245583612899E-004   1.340587672833315E-002
    59   10   1.340587672833314E-002   4.229245583612888E-004   1.340587672833314E-002
    61   10   1.720554090296721E-002   8.122736719278795E-004   1.720554090296721E-002
    62   10   1.720554090296719E-002   8.122736719278762E-004   1.720554090296719E-002
    67   10   1.283023781989977E-002   3.654633831679933E-004   1.283023781989977E-002
    68   10   1.283023781989978E-002   3.654633831679939E-004   1.283023781989978E-002
    70   10   1.641270285347514E-002   6.926192865385112E-004   1.641270285347514E-002
    71   10   1.641270285347515E-002   6.926192865385125E-004   1.641270285347515E-002
    76   10   1.340587672833315E-002   4.229245583612900E-004   1.340587672833315E-002
    77   10   1.340587672833314E-002   4.229245583612888E-004   1.340587672833314E-002
    79   10   1.720554090296721E-002   8.122736719278795E-004   1.720554090296721E-002
    80   10   1.720554090296719E-002   8.122736719278767E-004   1.720554090296719E-002
  </DiscreteSampler_grid>
