  0.02459541493577867  0.03254822970875938  0.04199665929456783  0.05179120235814252
  0.06160581522256666  0.07179579637142854  0.08231357141627341  0.09283116235287013
  0.10350952510747793  0.11419122036876926  0.12527690714408765  0.13610366931538947
  0.14681549423696727  0.15712309850840311  0.16704875251188558  0.17703557969030354
  0.18715905122434226  0.19794817701337247  0.20887248469991915  0.21938809152471264
  0.22965385089347493  0.23987195729006336  0.25030146926811964  0.26059779340297801
  0.27041527639601437  0.28025152006653242  0.29027281032574759  0.30034022832964652
  0.31061338284843670  0.32067732151434275  0.33059741015496613  0.34032097762433738
  0.35038003091917158  0.36113045645355424  0.37231219356160905  0.38334989200934438
  0.39400661968426354  0.40416980649100070  0.41435092299612419  0.42436773821758889
  0.43482519129955782  0.44547247442507121  0.45616242538256269  0.46662225090086940
  0.47688080057288806  0.48686092628941136  0.49655040691080948  0.50641936665420495
  0.51623793077402580  0.52608721553367999  0.53547952722832060  0.54474472692025899
  0.55438902592446559  0.56402403183044958  0.57408992045895935  0.58415333073326381
  0.59429562633915711  0.60438747380332469  0.61471109258855139  0.62520336220316974
  0.63577924551205101  0.64621673233066079  0.65711995442391224  0.66779322596910140
  0.67795909004613342  0.68786578556208566  0.69809571701700679  0.70831179454716886
  0.71842185663691371  0.72837660553439432  0.73914285171747929  0.74975807197410438
  0.75995261508424017  0.76965283246666694  0.77934515623600731  0.78937034352573432
  0.79945370647164904  0.80940885410099817  0.81940446540680811  0.82962101120436749
  0.83974530019344207  0.84959836670933497  0.85921117619285958  0.86860876193452796
  0.87820864956763145  0.88768334436024043  0.89714114599603301  0.90671856900247960
  0.91648808475151367  0.92636184375917452  0.93632753524621937  0.94635119287163949
  0.95662807947911654  0.96568172450987333  0.97077775497214003  1.00000000000000000
  0.03093284552425036  0.03552679357731789  0.04412451184529226  0.05506299903082515
  0.06536913779597682  0.07522585702805266  0.08504423702136704  0.09524951377848727
  0.10568966954007346  0.11639779874476633  0.12727735142481517  0.13808505659672599
  0.14887934947257231  0.15959632918541661  0.17000253220216641  0.18000177699940748
  0.18979964461335377  0.19943980542837775  0.20894152322587581  0.21831165476249931
  0.22805775895761229  0.23805824526221100  0.24791189612358203  0.25789868030741364
  0.26809292752373820  0.27876034670261962  0.28968631417075758  0.30034705973201370
  0.31076508785215257  0.32120074617191846  0.33174866870022124  0.34201898610667131
  0.35209314641467443  0.36241290335604159  0.37295114801869400  0.38346733106912984
  0.39386831295882696  0.40418548009635175  0.41457557056435934  0.42486078410034916
  0.43494503726493439  0.44483788171485150  0.45426226601159297  0.46405433320372780
  0.47373628597209305  0.48354744886196199  0.49349553793969064  0.50366196349676007
  0.51425623268001808  0.52494347932749108  0.53606028367369241  0.54734562189469527
  0.55859280693895652  0.56938097518577291  0.57959997410202513  0.58967214034290283
  0.59982043271913554  0.61020482654544217  0.62055428395050083  0.63075335417058465
  0.64049036365325074  0.65004688427849333  0.65956426010046088  0.66906328236172918
  0.67878488492768929  0.68851615671691135  0.69824887343147934  0.70769274515408287
  0.71707534375698101  0.72671871479066064  0.73691514653543588  0.74765982963574407
  0.75825773055607570  0.76872829043332058  0.77889604373208854  0.78875660616460985
  0.79833437455414891  0.80786993276629049  0.81751837180645837  0.82708985448554517
  0.83658372259480651  0.84622738315869583  0.85653306793430983  0.86713780728258039
  0.87744460281692083  0.88777513808221953  0.89784894594529963  0.90791334294728787
  0.91778671013532709  0.92763167988487027  0.93718888814301571  0.94648475929974174
  0.95578003670640754  0.96439525137501614  0.96897172291067879  1.00000000000000000
 -0.00004093117456865  0.00038063044437535  0.00089739345578397  0.00165128802317401
  0.00262081593605908  0.00379747941089161  0.00518456231563888  0.00682448468140107
  0.00860820344962657  0.01055426322149386  0.01271679235578168  0.01503368178854619
  0.01744620221351994  0.01997424950951128  0.02268350608487578  0.02566399492935212
  0.02879465957103886  0.03195640273376355  0.03518650780557050  0.03855649744678842
  0.04212613986806445  0.04587433649107531  0.04982193548779115  0.05390705080560700
  0.05800185897985220  0.06215692170313349  0.06650110952109402  0.07091216707490222
  0.07542228554823216  0.08009652767498189  0.08488766909758486  0.08991298957092933
  0.09510511556635225  0.10043492312806891  0.10594064759903837  0.11156083163730517
  0.11731760163346142  0.12333303435354530  0.12948079643131152  0.13551997915521949
  0.14159352740888398  0.14781811047009089  0.15422063891040227  0.16062460552869592
  0.16721697140453171  0.17379762958748549  0.18072267261753383  0.18785734254572103
  0.19523767884185717  0.20300723616421376  0.21120531668704448  0.21967552685797206
  0.22811203704464919  0.23682569582316571  0.24584693926677892  0.25494138232408048
  0.26427722239584467  0.27368637363936660  0.28306013858416107  0.29256331611671249
  0.30224917910856575  0.31200414188247266  0.32284210932596757  0.33397279070395469
  0.34530587040560912  0.35693168364398126  0.36876413727896601  0.38082062198762179
  0.39333602174561122  0.40617896054866581  0.41900347778082697  0.43235562602374350
  0.44584494007076836  0.45969741767416383  0.47453933129884424  0.49030819871127052
  0.50660078311795009  0.52418020804345222  0.54308430213482384  0.56258760507943861
  0.58387901951285792  0.60583898954100013  0.62810135767828612  0.65095655141368891
  0.67480684816879788  0.69969570594986263  0.72604262414752374  0.75329013448558724
  0.78148269870613252  0.81079271846215817  0.84235451317182197  0.87406025639892881
  0.90572713739847754  0.93752933743531930  0.96884232434262352  1.00000000000000000
 -0.00295929626972286  0.01066927389540744  0.02265218064096905  0.03438729726850415
  0.04587884726356690  0.05718444851537388  0.06849103740342148  0.07938966712952479
  0.08984015426030399  0.10007726942623897  0.11009954503711254  0.12009301606146447
  0.13002912217820273  0.13995309230123898  0.14962527200531714  0.15912447425673970
  0.16905288919799819  0.17971652651612274  0.19000662788423966  0.20060035147109628
  0.21123893803465624  0.22268163506372135  0.23389041251634007  0.24508628885393385
  0.25621015357765198  0.26717788232528994  0.27840615467895224  0.28976770700824128
  0.30104751861639589  0.31223124865056479  0.32319950029659833  0.33377352459131387
  0.34375356883041963  0.35349270377333009  0.36336880144457839  0.37339605725517938
  0.38337438225741222  0.39332083987394101  0.40308651070100526  0.41306401386351749
  0.42307997472995967  0.43311613496678547  0.44307855942076668  0.45302380707492751
  0.46319463683675394  0.47319737170243681  0.48337486165891869  0.49367257190349934
  0.50437841595459154  0.51554938273016737  0.52583531795630878  0.53539117492060506
  0.54489896821008998  0.55417658691382365  0.56357175165388351  0.57273136922217016
  0.58213182197628310  0.59250033317264916  0.60314312668816561  0.61419144629004840
  0.62515824072653337  0.63631099641296240  0.64743960377836851  0.65841918544544498
  0.66950960135488968  0.68094662490945501  0.69310509449364077  0.70503662627294006
  0.71626940772040482  0.72686337623172059  0.73696146144151975  0.74733788796058087
  0.75748558902317109  0.76774269964915831  0.77805462470317766  0.78821315976753092
  0.79821413345944259  0.80818804681597911  0.81812546895051785  0.82796008713289593
  0.83784104247182078  0.84778148816212029  0.85804729237188604  0.86837700904852821
  0.87879976030355700  0.88987239296313314  0.90087914427518490  0.91245710322019646
  0.92423380797384125  0.93577015993548585  0.94706013373459574  0.95823411825747951
  0.96915499924186854  0.97978842964099766  0.99004943450883220  1.00000000000000000
 -0.00207081946561438  0.00986965894227540  0.02052113354298373  0.03101124315452194
  0.04168660356791316  0.05214495041533235  0.06255728989113524  0.07301103719883792
  0.08372712516124094  0.09443161754381779  0.10460365817005604  0.11473539034342344
  0.12469542763613539  0.13467278349545472  0.14460767414563130  0.15500295117971633
  0.16556288423084792  0.17580844412724494  0.18626217888723251  0.19647233172153511
  0.20645013176519519  0.21617210673119164  0.22586353819644570  0.23585270437896894
  0.24631967077301906  0.25714077333830404  0.26822648017818673  0.27910674735852903
  0.29005861394253435  0.30039630256016814  0.31087548317841668  0.32134063165377125
  0.33185031780828206  0.34240223127042430  0.35264315261145995  0.36274411071844176
  0.37320875942597875  0.38420461016755392  0.39528741464550937  0.40595254133460146
  0.41657336114773535  0.42756817371121247  0.43881694268101273  0.44987349945673233
  0.46088921766700369  0.47164501953006849  0.48181699628591751  0.49184926479749724
  0.50207497926321065  0.51281221964134549  0.52381217437110172  0.53479398866253625
  0.54542426147104905  0.55589244861859732  0.56665383244028089  0.57804519058070691
  0.58940057388433964  0.60086111410938392  0.61196052815339785  0.62300058878637721
  0.63413996037649578  0.64529438539614425  0.65613835921332297  0.66660178221080146
  0.67692258873138955  0.68714839128864347  0.69689229513166484  0.70641435085722637
  0.71585908236839779  0.72525185863947106  0.73517623296696044  0.74556168394339584
  0.75626648932489915  0.76734998466730830  0.77885698931002323  0.79060211809453185
  0.80140931070566757  0.81183831687897468  0.82213012590367274  0.83245137397524771
  0.84270473598481532  0.85297548901643738  0.86347104808601804  0.87380151323653454
  0.88426502101864135  0.89475943461006091  0.90544865954716314  0.91592993298329872
  0.92656921925543323  0.93734335871270213  0.94801019667205622  0.95855126578248373
  0.96878007542908118  0.97909028488843342  0.98938864058743536  1.00000000000000000
 -0.00241641132368552  0.00982440543442301  0.02102436428126825  0.03174022454726093
  0.04241301351517186  0.05270940220084776  0.06292316512940013  0.07308707175089024
  0.08306293645172538  0.09332960166031222  0.10327189838758602  0.11339638848734110
  0.12359039386120101  0.13438686364116842  0.14552772074336701  0.15649041957504192
  0.16745910841206604  0.17848332768581548  0.18961524033045393  0.20007899942164256
  0.21038054581928575  0.22063321937518296  0.23077820869788063  0.24079322508852119
  0.25096043339375590  0.26152704759283069  0.27204810392712980  0.28213704889610924
  0.29202372737772625  0.30210988738900985  0.31266278467747077  0.32366394164292411
  0.33527047981887903  0.34758822772127784  0.36016716986667424  0.37252917608325625
  0.38398227163094711  0.39488943243620067  0.40562582554078902  0.41611779103837399
  0.42607149507702818  0.43565324846566611  0.44513308111864408  0.45474315732051362
  0.46478517199802771  0.47497853276146451  0.48522824583076696  0.49595645800513427
  0.50687801766407370  0.51766714268433089  0.52845831500585416  0.53940728266924565
  0.55005263994892473  0.56057858421205287  0.57110498334069737  0.58155500260510917
  0.59149497466279155  0.60097551081788458  0.61076431778854745  0.62114411834962413
  0.63170704004579148  0.64210585994478009  0.65277301879816119  0.66378649795066480
  0.67429467216571404  0.68445889991489917  0.69500333094049327  0.70583622516612843
  0.71643911038291519  0.72687367887225551  0.73757216290958305  0.74852241117477136
  0.75929438265074678  0.77019214588931051  0.78158651104809818  0.79327964307861620
  0.80470425662898704  0.81555459228703453  0.82548120476957665  0.83538781555592889
  0.84511239280212558  0.85523386086301567  0.86565219620358835  0.87644271670749829
  0.88749783435255647  0.89877330863666449  0.90924553491231841  0.91972706197548648
  0.92980338792645956  0.94011839009237563  0.95027258503464240  0.96016899893349705
  0.96955219775149626  0.97951357866269251  0.98977473917924963  1.00000000000000000
 -0.00104027483557087  0.01144022923772383  0.02157861876467172  0.03160718111430191
  0.04161448164753139  0.05191694943133716  0.06224521661570598  0.07260097245892547
  0.08315332384175353  0.09409398117290459  0.10511134345605243  0.11608817820211378
  0.12715297374803231  0.13828830261186706  0.14966568273467196  0.16146137612718084
  0.17336597039603979  0.18489791026334129  0.19604353523456805  0.20684895185421320
  0.21720510167201243  0.22733692476491801  0.23748947425800015  0.24782034812462603
  0.25857469807702704  0.26963035406298713  0.28096363597966423  0.29233622289659011
  0.30337539661398899  0.31419203108342431  0.32495700591915172  0.33575727984449499
  0.34651715582207132  0.35722291697678921  0.36803813455739431  0.37908235242591076
  0.39022507422710129  0.40106042929308228  0.41148919014060981  0.42181022760515446
  0.43201667357633389  0.44234921998804855  0.45265721949928811  0.46290144593210975
  0.47277113124186076  0.48244064704188183  0.49209379841414030  0.50155963256692537
  0.51068663207643084  0.51984407393180998  0.52946511613456315  0.53938718981791767
  0.54955516653180569  0.55993884791303539  0.57046894566094297  0.58097252841031377
  0.59115775437708173  0.60130248843801781  0.61125274944410113  0.62116539412209193
  0.63134030388876938  0.64159164213901343  0.65177733545955319  0.66168208447753296
  0.67162192888466810  0.68184292486456799  0.69202820477642135  0.70202423840982464
  0.71214366075194357  0.72245860644175897  0.73270960801903606  0.74289661916742233
  0.75323745155699295  0.76392776901540271  0.77433647280215512  0.78421089949128520
  0.79395479888185583  0.80391779814961417  0.81441230929520303  0.82561662749952203
  0.83721783131686112  0.84892522299311701  0.86047740086959135  0.87191376286866562
  0.88323080768016904  0.89441167876524119  0.90541640515746480  0.91627220323114467
  0.92695702576171024  0.93752866317502315  0.94805071216233616  0.95862802470984665
  0.96907188389946119  0.97945353121602408  0.98971481454629207  1.00000000000000000
 -0.00227135541791014  0.00997462807960632  0.02028883060486099  0.03072407260838767
  0.04132272416624524  0.05186759084036993  0.06224534444965600  0.07245154893956651
  0.08280028573012942  0.09296243888809974  0.10323854389329279  0.11353460064853181
  0.12387873390700317  0.13399351035776047  0.14375177414527493  0.15477641044817791
  0.16593020359190269  0.17702616086861817  0.18830147478762441  0.19928290599905055
  0.20995028471476085  0.22026300212149832  0.23049446169055374  0.24032688214581663
  0.25010930764223954  0.25979093939342807  0.26935412127916791  0.27902174305878197
  0.28873741315604984  0.29901987986594847  0.30956205303748829  0.32068502280309130
  0.33192802345003514  0.34259121432687428  0.35313947061103224  0.36403434444602217
  0.37477883166356385  0.38526148517084097  0.39570410070638695  0.40593808216517779
  0.41555254175006440  0.42544589068012728  0.43551770457070876  0.44598127921687114
  0.45647079678243191  0.46748542029089674  0.47895579051936660  0.48984669263887642
  0.50092659036973430  0.51192817530878831  0.52227908469945161  0.53225379587280164
  0.54224742746314347  0.55276108023336545  0.56314730117719958  0.57336540584956786
  0.58395254104200467  0.59480851491792430  0.60557629030000348  0.61592641297070905
  0.62601742293095453  0.63595954701250845  0.64586197481533847  0.65595240752751749
  0.66619846581337105  0.67678324949831414  0.68764570885193377  0.69906101148712596
  0.71067395556766411  0.72203230100525162  0.73333920213038628  0.74439747294466718
  0.75507452202173453  0.76543995949454180  0.77606178481355959  0.78700219830191809
  0.79783954377055455  0.80860675279497629  0.81952774998634015  0.83066257313721181
  0.84079884267971461  0.85089162345960734  0.86087211522415752  0.87069311271575645
  0.88047292724232429  0.89031936866138195  0.90068543655688971  0.91142138174011833
  0.92233676446057988  0.93350971874052058  0.94459621662662496  0.95552623896165478
  0.96696190884772282  0.97836464180504312  0.98941593865233002  1.00000000000000000
  0.05502723098776834  0.09474450426293188  0.10779130857010626  0.11915875866300996
  0.12934609624735202  0.13872636944351649  0.14742595049848153  0.15550077651960909
  0.16313517127437571  0.17029888091600495  0.17696235654698389  0.18339844854397172
  0.18985788966473965  0.19644948005882726  0.20317716612697323  0.20994333878296823
  0.21664316898586633  0.22325371911698566  0.22955060524859014  0.23618557552655417
  0.24270822246166338  0.24932961003310844  0.25578351784344205  0.26217367955033483
  0.26858900792273088  0.27506012218504455  0.28152720458435826  0.28799267483512908
  0.29450812837029383  0.30111100315663625  0.30773326526692801  0.31451199821223352
  0.32172332969228878  0.32908917527537124  0.33647895771058284  0.34358328256681264
  0.35063840522028689  0.35765761914977517  0.36478359168917951  0.37211885682579959
  0.37945042206414825  0.38676203493468519  0.39419464615970523  0.40189765484274836
  0.40974001819930583  0.41742473917256262  0.42498664980697604  0.43252195843790237
  0.44014169560981975  0.44824164549997547  0.45605337860430878  0.46378036508840370
  0.47148943043899366  0.47936513445477907  0.48742340833953002  0.49568634393628697
  0.50415813411380761  0.51276969056429778  0.52139542974056408  0.52994486887563297
  0.53848913412839372  0.54718209847001864  0.55615874087139305  0.56530790591324798
  0.57500260365889466  0.58462272930083325  0.59405560638885824  0.60354626873964112
  0.61315428837333941  0.62287975051866173  0.63212976229893525  0.64099228301920264
  0.65008179803655919  0.65927060254688197  0.66849543289794744  0.67779233346274514
  0.68745979394915979  0.69793912742660780  0.70884572611232666  0.71990573957146842
  0.73116910574506000  0.74282281567714648  0.75476974229962968  0.76728236129339189
  0.78028079379038995  0.79365907185697038  0.80730429377581836  0.82148591421287664
  0.83596827075976865  0.85062618016756153  0.86633869318004109  0.88395065114611915
  0.90384230846474245  0.92704344930163662  0.95613058072146961  1.00000000000000000
 -0.00376229930508748  0.17579491901541591  0.20348921028957098  0.22494564462807437
  0.24357091876226669  0.26008257252887218  0.27536155322451350  0.28972791709475604
  0.30317910272824311  0.31603567574098052  0.32846942521286837  0.34037706098101939
  0.35180336966757941  0.36276349234396704  0.37323666348847911  0.38291844849413392
  0.39236256373926537  0.40162853451842073  0.41073901247694466  0.41959723019409390
  0.42844850219725206  0.43717922298376150  0.44562348892572551  0.45368284185286795
  0.46162979285821942  0.46959478511240799  0.47749223069104385  0.48500406457390999
  0.49212817705957412  0.49908919635492982  0.50590458310095410  0.51262273763417232
  0.51921648451956848  0.52575213821929878  0.53220147762205905  0.53856542907246496
  0.54485145388910317  0.55112009390290329  0.55754214478600272  0.56392927730672038
  0.57029875805721197  0.57661200967970683  0.58286925635744768  0.58924429860512584
  0.59559429894661353  0.60188765191053362  0.60811037440064364  0.61414326006970688
  0.62015894699687923  0.62604862772030734  0.63184838465840287  0.63761517023786984
  0.64343375168791384  0.64904459402408676  0.65443116442597871  0.65977978372394397
  0.66504418469917170  0.67029580408383105  0.67553754529586696  0.68072899562442302
  0.68584502202443542  0.69101627315897995  0.69633805424048068  0.70164754591613965
  0.70694191354424663  0.71208533269949703  0.71707376835728520  0.72205108428272835
  0.72697686461211330  0.73183334737425254  0.73661063201059152  0.74129931751916578
  0.74595695761813785  0.75060959740347988  0.75527724781494177  0.76005766807774788
  0.76495375582434333  0.76986832567338859  0.77529715766383500  0.78060120651487486
  0.78568209220637097  0.79075417290773076  0.79602594915243474  0.80147122181210528
  0.80704037967671005  0.81286716532624159  0.81906852985776724  0.82569898811152587
  0.83239856442883020  0.83926867686406259  0.84641951940599358  0.85386322060998565
  0.86244484260615251  0.87586465279318160  0.90369754626282184  1.00000000000000000
   7.8966528763277057E-007  -1.0000000000000000     
 T T T T T T T T T T T T T T T T F F F F F F F F F F F F F F F F F F F F F F F F F F F F F F F F T T T T T T T T T T T T T T T T T T T T T T T T T T T T T T T T F F F F F F F F F F F F F F F F F F F F F F F F F F F F F F F F T T T T T T T T T T T T T T T T
  <DiscreteSampler_grid>
  grouped_processes
  1 # 1 for a reference and 2 for a running grid.
  10 # Attribute 'min_bin_probing_points' of the grid.
  1 # Attribute 'grid_mode' of the grid. 1=='default',2=='initialization'
  0.0000000000000000 # Attribute 'small_contrib_threshold' of the grid.
  0.5000000000000000 # Attribute 'damping_power' of the grid.
 # binID   n_entries weight   weight_sqr   abs_weight
    13   10   1.040118457795558E+005   3.883100380619786E+010   1.040118457795558E+005
    14   10   1.040118457795558E+005   3.883100380619792E+010   1.040118457795558E+005
    16   10   1.464785271369749E+005   8.073178989348935E+010   1.464785271369749E+005
    17   10   1.464785271369749E+005   8.073178989348935E+010   1.464785271369749E+005
    22   10   1.040118457795558E+005   3.883100380619788E+010   1.040118457795558E+005
    23   10   1.040118457795559E+005   3.883100380619792E+010   1.040118457795559E+005
    25   10   1.464785271369749E+005   8.073178989348935E+010   1.464785271369749E+005
    26   10   1.464785271369749E+005   8.073178989348935E+010   1.464785271369749E+005
    31   10   1.040118457795558E+005   3.883100380619791E+010   1.040118457795558E+005
    32   10   1.040118457795559E+005   3.883100380619796E+010   1.040118457795559E+005
    34   10   1.464785271369749E+005   8.073178989348935E+010   1.464785271369749E+005
    35   10   1.464785271369749E+005   8.073178989348935E+010   1.464785271369749E+005
    40   10   1.040118457795558E+005   3.883100380619788E+010   1.040118457795558E+005
    41   10   1.040118457795558E+005   3.883100380619791E+010   1.040118457795558E+005
    43   10   1.464785271369749E+005   8.073178989348935E+010   1.464785271369749E+005
    44   10   1.464785271369749E+005   8.073178989348933E+010   1.464785271369749E+005
  </DiscreteSampler_grid>
