  0.02414678199373253  0.03333692652885575  0.04451530850743864  0.05551009259664309
  0.06604282111108412  0.07637643285870718  0.08656273811656036  0.09661897679058706
  0.10683408341163243  0.11688567393974837  0.12698517594719363  0.13701156747557447
  0.14720855557781448  0.15748122291525105  0.16781222412286576  0.17819965833856868
  0.18834870822084121  0.19838130419624397  0.20838966801222417  0.21828382022262335
  0.22828278335747626  0.23841134363066291  0.24851716216253569  0.25845703523609548
  0.26822692386044011  0.27872257332176470  0.28941247201241815  0.30010546232953761
  0.31057884526062235  0.32100797262316905  0.33128333689031753  0.34138416240000241
  0.35158644201252304  0.36174022674779210  0.37167069813881698  0.38157657415850882
  0.39163107920615009  0.40195222276742193  0.41251663486702123  0.42278541414932735
  0.43302769639452032  0.44336606728401190  0.45368715898463602  0.46352168870682708
  0.47305126086406940  0.48294528972830891  0.49314317872220143  0.50310205957262621
  0.51276173576710249  0.52262623603992575  0.53297449411169839  0.54304696538904229
  0.55297092194874609  0.56304095877761573  0.57343924318581341  0.58422885113165102
  0.59474255110727836  0.60502094066316103  0.61508947725918151  0.62520173969147042
  0.63527650336958397  0.64526484842696663  0.65526544594608782  0.66534406603676177
  0.67537649531292354  0.68564959408407467  0.69574900552514385  0.70602121187087519
  0.71623152751566632  0.72654486961984310  0.73673830667751883  0.74687235999139479
  0.75697278633344622  0.76719234742968045  0.77718593868288810  0.78708219672232860
  0.79707838111446550  0.80709850867586153  0.81728177670794644  0.82759558857784699
  0.83829574682936070  0.84912420308360448  0.85964404399918026  0.86951040799062840
  0.87914714788570947  0.88871882710906880  0.89863875575689922  0.90864934172153811
  0.91844452893993334  0.92809747769315221  0.93787323658425548  0.94773586675920518
  0.95720734532932517  0.96631762388625364  0.97089410395510090  1.00000000000000000
  0.03100366506301299  0.03750270976950251  0.04664449029720843  0.05640483299509179
  0.06613128608259179  0.07601935078522803  0.08624553651070839  0.09684494337514787
  0.10742325219804565  0.11782480941601067  0.12793122138996574  0.13799996070869430
  0.14812005188839095  0.15818744444093716  0.16822573673805702  0.17831986524996693
  0.18843221341122149  0.19892270780943769  0.20964243262478705  0.22068445664354550
  0.23120492765048986  0.24134798134597829  0.25149541148625881  0.26138972145482425
  0.27129490947729262  0.28100480357594448  0.29086698334999683  0.30077904886462120
  0.31110383152983045  0.32177247841416151  0.33243360666667277  0.34248792108821097
  0.35231934726015229  0.36260537988208918  0.37288170911779461  0.38259216784710343
  0.39217784669125905  0.40172517387844570  0.41136915893375231  0.42104496939163166
  0.43074244784292315  0.44058948420402716  0.45044440068595604  0.46044297338704904
  0.47069843363586999  0.48124720825806699  0.49185948471342394  0.50282459325450202
  0.51345807263447152  0.52415487464743704  0.53500098119054551  0.54554320353935526
  0.55595245343248745  0.56664865620419280  0.57745744489282613  0.58782877313637594
  0.59804680816468025  0.60865787254285997  0.61961991842286390  0.62992143307286708
  0.63964699265284264  0.64941790478456929  0.65959155998689689  0.67001860621672937
  0.68026596318209576  0.69034509338269978  0.70070394059654928  0.71127452660319546
  0.72166818274194500  0.73174761741616356  0.74163146057350349  0.75160819520005095
  0.76143293226109277  0.77107630916438807  0.78081400137156731  0.79077877118509277
  0.80107748802370771  0.81133323709530747  0.82111281194906061  0.83074847707010280
  0.84065020271602553  0.85063147901191716  0.86033026733709639  0.86973613804444483
  0.87897138698860156  0.88797825864133240  0.89695943629338704  0.90619732886005655
  0.91560049022700485  0.92521554248014592  0.93468295738148799  0.94459547654528142
  0.95490179043750367  0.96438393485566143  0.96897723146428161  1.00000000000000000
 -0.00003362526531478  0.00034941948353533  0.00083788722723870  0.00156384578351506
  0.00253767818336254  0.00369998748494512  0.00510770716780417  0.00667523795014679
  0.00837700202598569  0.01031598558774491  0.01236657185991408  0.01463312816161562
  0.01709791316383165  0.01965889294268856  0.02243675793697901  0.02545790949952396
  0.02857088282973791  0.03179583509735491  0.03515743838971141  0.03867040277553433
  0.04230052066876129  0.04602949988744063  0.04983505434593613  0.05383018819617354
  0.05793249750239787  0.06210354258847879  0.06640797549284397  0.07081273724220125
  0.07537085729328728  0.08032904574481657  0.08525272901114667  0.09032892361417959
  0.09538191948986890  0.10059508453315187  0.10575968416970796  0.11120529711899035
  0.11693782760606175  0.12282019261190798  0.12887153047186006  0.13513515128780398
  0.14156703306171170  0.14809478712789323  0.15464880451434443  0.16125539309880313
  0.16796334983973657  0.17487160151821884  0.18189254707952071  0.18912270501715181
  0.19662537307089695  0.20438012753208781  0.21234251053950390  0.22047406897799859
  0.22879611067194452  0.23755727595100545  0.24659019247564126  0.25585100516681897
  0.26537336120757016  0.27498185751980897  0.28484438072922452  0.29506688760244393
  0.30539851054115874  0.31564991971529616  0.32599385352091370  0.33640902518827903
  0.34695111228706355  0.35792898846271481  0.36922546130035006  0.38089366473808312
  0.39303097357295874  0.40529900990583312  0.41765709311602439  0.43166603749900517
  0.44565213907262913  0.46019048021233999  0.47525717715171323  0.49056791219164320
  0.50642819851247933  0.52382219538822006  0.54186680491134886  0.56061768623844421
  0.58063480132815182  0.60080593931238291  0.62210012625468181  0.64447750008807136
  0.66735300853925172  0.69157431892316112  0.71874863843963988  0.74688636739824710
  0.77779919254552032  0.80980228295715284  0.84234874095742429  0.87458339353424286
  0.90669048698776233  0.93846874601247687  0.96962358291304762  1.00000000000000000
 -0.00149621278066758  0.00966056712806037  0.01993741806164202  0.03002883421842809
  0.04016647813492141  0.05010670068259392  0.06033346185627795  0.07034179353045160
  0.08032749612172489  0.09031395570436281  0.10031233867277638  0.10993131425032401
  0.11981469736725195  0.12996849475169750  0.14056043408163174  0.15084524217594386
  0.16107900263237096  0.17110864314606411  0.18110183684478626  0.19112768959049248
  0.20141200552901248  0.21158915343023363  0.22153296072984763  0.23110716193190400
  0.24057902347345628  0.25028144811497255  0.26028112174813106  0.27037603120017889
  0.28065336822862180  0.29113636558129857  0.30201118290103535  0.31328843558037833
  0.32492228752352958  0.33727233437384369  0.35020715061524865  0.36273194643076956
  0.37447261405848103  0.38550199299162974  0.39642826885386884  0.40731063097334830
  0.41873178715416237  0.43063382200326655  0.44188646929843040  0.45238082511950894
  0.46315964703927459  0.47414409099470040  0.48471555704361258  0.49495751970944074
  0.50522309909155105  0.51638356208085079  0.52747856986763741  0.53851725357872293
  0.54907087710682978  0.55950952087136829  0.56987933666665169  0.58018665489733734
  0.59051257041320715  0.60062522265829610  0.61064093136469544  0.62050719516652963
  0.63039685679611102  0.64026897945813011  0.65039947442461943  0.66073074435964851
  0.67168957417731034  0.68301259938980197  0.69438239750432140  0.70555269671232179
  0.71652752586366109  0.72753232362369069  0.73861504468091121  0.74949074811634453
  0.75996702616866074  0.77009026227001998  0.77980101082112563  0.78934707195232123
  0.79949047182158450  0.80986701841478270  0.82050650837873418  0.83067836974198328
  0.84105997148896439  0.85155092308673108  0.86224060832220528  0.87287081872006378
  0.88334789045813289  0.89398102791425504  0.90441680380367306  0.91532941118093636
  0.92577365119436927  0.93692919425319676  0.94754466203819210  0.95880556623131352
  0.96888048075632482  0.97950300279713909  0.98940359259864330  1.00000000000000000
 -0.00237891166374135  0.01154984244671663  0.02281032693022758  0.03366142681619759
  0.04442270825906536  0.05499546775167280  0.06587373326881896  0.07672535322781295
  0.08733377597074947  0.09772480680065378  0.10793966317327468  0.11824527422268899
  0.12908607539656855  0.13992314824370414  0.15115792939492240  0.16215792894486356
  0.17294626403350452  0.18324490770102575  0.19315986086516534  0.20329354884548040
  0.21339549310193345  0.22340952956984464  0.23369255789590521  0.24427278769120001
  0.25524822019198729  0.26637926311601934  0.27758573571063966  0.28858505433127546
  0.29923598816174779  0.30969892097750729  0.31988314027127307  0.32972884638762989
  0.33941088318456447  0.34915965257640025  0.35910877790844586  0.36889843858501398
  0.37860859993260532  0.38842079284528030  0.39881731598966785  0.40970414635377617
  0.42071889523938577  0.43185008004238634  0.44311778263901369  0.45439004202123229
  0.46537144845752348  0.47605544486098772  0.48641887742843470  0.49660708795322928
  0.50672721310696001  0.51685477556214343  0.52710080044143237  0.53728788568648822
  0.54770313302426843  0.55847090388970777  0.56922900769013496  0.57994439692651711
  0.59041047982810002  0.60053335803935759  0.61035519054760723  0.61984364621173760
  0.62932249319205447  0.63885951103117278  0.64862783936219448  0.65859454148528973
  0.66885661692519127  0.67913006164099010  0.68918924281859717  0.69938365183913864
  0.70970415014768351  0.72024566186902295  0.73075713996333258  0.74081788388860259
  0.75067129823218259  0.76044920567298746  0.77038549008835466  0.78034959218390432
  0.79032238965412227  0.80048168819188725  0.81097270864417337  0.82102984347377139
  0.83141262906625502  0.84179554325355999  0.85236133564655958  0.86317765519944134
  0.87406601594618705  0.88480094748053784  0.89555037335846055  0.90698008248567874
  0.91865852027426353  0.93023982813587125  0.94203247138561519  0.95443359311369280
  0.96650308410946340  0.97802393864987536  0.98904695673731091  1.00000000000000000
 -0.00235861893237152  0.01055844460484125  0.02105260379522160  0.03164027121269419
  0.04179408480364489  0.05200587641797378  0.06222711027197397  0.07291905244250653
  0.08356144304700680  0.09454441054938967  0.10524483976955662  0.11604662986256579
  0.12651564793880987  0.13715952806981480  0.14790794457428150  0.15891171147508815
  0.17013974177538041  0.18154097508584446  0.19218392968520914  0.20228430779903092
  0.21265212772275194  0.22319596559585825  0.23394334610703177  0.24470904537534502
  0.25583295733736933  0.26695089763974850  0.27763398971496484  0.28793828877662386
  0.29807318005107991  0.30790807422187771  0.31758382592879880  0.32738461383446488
  0.33759120041989088  0.34820662194376412  0.35874035548041788  0.36915036190477113
  0.37931621956495215  0.38944144720217400  0.39964648034983996  0.40985230939403283
  0.42004984235411386  0.43043396469521361  0.44112001421333841  0.45199569748576074
  0.46293670665133474  0.47384248754234654  0.48450786620823139  0.49481021839929562
  0.50503976240628767  0.51524738052893149  0.52532798475475739  0.53524746845450588
  0.54527955110005077  0.55548402673249031  0.56587089583264361  0.57599669369097062
  0.58613155253319593  0.59625198180546124  0.60657978602302642  0.61705130450027756
  0.62749729357116080  0.63735490787836402  0.64758743736022517  0.65786690220767730
  0.66847634480766727  0.67895521503124090  0.68892000150839916  0.69882233812267314
  0.70860783111600567  0.71896409537949013  0.72945723952911223  0.73980186769695278
  0.75044222149534845  0.76191656482590719  0.77364175402382518  0.78463318102548674
  0.79527992208812082  0.80581764912736376  0.81667029245569633  0.82756814346855712
  0.83831104781319621  0.84910874772205225  0.86019105648742356  0.87158912461497928
  0.88256394310563957  0.89366893950153092  0.90478487842135058  0.91564183572943825
  0.92602810829173554  0.93645962070591893  0.94734294262419871  0.95824460343867224
  0.96898460410169740  0.97933329052029283  0.98959118765348564  1.00000000000000000
  0.00079292237466947  0.01238320113436879  0.02179489336187858  0.03228606357001379
  0.04290825327353158  0.05373216215558123  0.06481948438679293  0.07629041671121292
  0.08740524900573329  0.09796695350637961  0.10813005341608889  0.11830918444253662
  0.12843562998565325  0.13859634904427509  0.14890921256735742  0.15948116445482241
  0.16998423233892096  0.18060113203308353  0.19118823015910333  0.20221949695423985
  0.21372613766099086  0.22524896738334238  0.23610200285643132  0.24656946642982736
  0.25685129596319922  0.26720485009824996  0.27739659895402557  0.28768939403291444
  0.29814332936782628  0.30848504927001064  0.31872290061858505  0.32903647457518809
  0.33932626087740664  0.34990858799429692  0.36043831371380097  0.37081367505224522
  0.38056669427679451  0.39032534019042936  0.40042646467897558  0.41099681000279781
  0.42156593449097229  0.43207159854270916  0.44240251864959101  0.45236256843479322
  0.46190822871872189  0.47122965094286962  0.48072785123226808  0.49047773967186259
  0.50038068462673635  0.51047679198904716  0.52079999313751824  0.53127218306543822
  0.54207395914636325  0.55316303812335954  0.56438913537919588  0.57507105586861940
  0.58517628136240729  0.59515793704589415  0.60506640307738113  0.61563703835408246
  0.62591804291478526  0.63632392615184019  0.64646333432622427  0.65657000359502360
  0.66673680495984622  0.67664518386614059  0.68684917011801072  0.69710397862754170
  0.70724999671679523  0.71753098759534373  0.72821612883067599  0.73961647738902392
  0.75122815002327059  0.76245835271611528  0.77406183555573249  0.78594350354085740
  0.79742515238572997  0.80827890280426840  0.81934335992073848  0.83083980421858827
  0.84242943952049543  0.85396524150627917  0.86565176113330644  0.87737414171522532
  0.88909816858351898  0.90041323450659394  0.91119574980943741  0.92176112831914792
  0.93197386979243257  0.94201107832545150  0.95201241953638527  0.96204982308055498
  0.97177892514700404  0.98129693688182629  0.99069659975348601  1.00000000000000000
 -0.00216610972891955  0.00956086222004995  0.01933592196248673  0.02888217443714161
  0.03851871026953749  0.04805977730423731  0.05763756788389846  0.06742661693976022
  0.07718182434638880  0.08698337310844141  0.09669088006201923  0.10645689846010715
  0.11619195675893021  0.12625031323961103  0.13684403199364661  0.14782673380598710
  0.15899899876731263  0.17026432780408982  0.18141852069572437  0.19244414232303730
  0.20318844198137101  0.21374755772685283  0.22419516888254012  0.23483625402164335
  0.24574141003788935  0.25693128493281409  0.26782058694793115  0.27828419252824421
  0.28836470825499261  0.29870611134117658  0.30936609116514774  0.31994611909405268
  0.33053372962022937  0.34102757085417024  0.35150636343909542  0.36234184638154648
  0.37351312936574088  0.38480688530486579  0.39580889148773807  0.40666440211791682
  0.41737772375168725  0.42765681401434280  0.43803545735896582  0.44878655595492478
  0.46007522914470100  0.47157884376724418  0.48289376991405886  0.49395710696007195
  0.50466539211477535  0.51536297696498889  0.52589389422770960  0.53662094556339424
  0.54757079633930061  0.55903955641658443  0.57017594798586524  0.58128162086056478
  0.59182827590897114  0.60251165095967074  0.61304073682459026  0.62353549023404176
  0.63391441119477687  0.64449437752320804  0.65556194157786574  0.66695463068192151
  0.67840620109032379  0.69017965067284537  0.70168106232250982  0.71215951357572360
  0.72183627558724650  0.73112000734358262  0.74048207438389202  0.75000328581104447
  0.75982100401921515  0.76996003572658667  0.78031069334078274  0.79012637353509985
  0.79996520297487128  0.80987740178400480  0.81998044044737239  0.83005748366751242
  0.84039353783348636  0.85100477200557234  0.86181071137900955  0.87258426740093009
  0.88296819019449591  0.89339468412427558  0.90373931803014240  0.91415255410623009
  0.92469765798128445  0.93513796616145184  0.94587679654863321  0.95635461080106765
  0.96705447357367580  0.97795988319633742  0.98898203661867390  1.00000000000000000
  0.08928496630352938  0.10443797340905919  0.11540320739313964  0.12612191537415182
  0.13569419153565201  0.14453435577257717  0.15285874214540929  0.16084882385176419
  0.16848659208949709  0.17560688134992106  0.18255022747057992  0.18935143579399194
  0.19595831191981780  0.20246480212245635  0.20889558285546103  0.21522244964555029
  0.22167044796340807  0.22809788994139721  0.23460791735550746  0.24112822282935434
  0.24753492230994836  0.25410636211215176  0.26071907431203784  0.26730405407533175
  0.27394083325510382  0.28046090890833630  0.28703808557254823  0.29354932356590924
  0.30030721891255885  0.30684674696736131  0.31319626134221296  0.31984423441223597
  0.32650639889888816  0.33354479161043049  0.34094948722422647  0.34862588571317427
  0.35626472993055913  0.36373673682087221  0.37104628631814690  0.37820876041807933
  0.38559025352996873  0.39328255295867842  0.40128830814668648  0.40943817864093440
  0.41737360203476503  0.42497342271307886  0.43235931950332163  0.43974879251600324
  0.44724771245194961  0.45493766350469034  0.46283394876316575  0.47080920264394083
  0.47893414679588514  0.48753757885617521  0.49624958398798136  0.50526973667746777
  0.51444552909681363  0.52335911713554284  0.53197173819378596  0.54073827524946261
  0.55000199174160191  0.55939955043509482  0.56830967253393472  0.57683618702328021
  0.58526232092314245  0.59398027888551863  0.60289005031875309  0.61195509429765949
  0.62137412006451109  0.63093822521516585  0.64034601217950893  0.64947850186695177
  0.65865942132590372  0.66805927123084807  0.67779387931473012  0.68779082121857726
  0.69757255672552554  0.70727559505011994  0.71737307430882458  0.72792823310956045
  0.73886048302072627  0.74990078515051273  0.76190450890224037  0.77422442586622264
  0.78687338263530326  0.79986985852240466  0.81343587192272371  0.82708296549169491
  0.84123532644245902  0.85581956125136738  0.87156939090494301  0.88887713470505425
  0.90825094986719734  0.93017546041563526  0.95869727272384853  1.00000000000000000
 -0.01064654033300346  0.15032212285614155  0.18112896552467866  0.20581399453665020
  0.22584279421582482  0.24394289435664215  0.26050476687789126  0.27602164327089235
  0.29080102435949129  0.30437569739436948  0.31662070486174154  0.32801476958857778
  0.33909520430658791  0.34990783706242101  0.36029020676196083  0.37015038126502892
  0.37965462761334873  0.38895643340731945  0.39816341910382119  0.40714916126530520
  0.41604443504127897  0.42507579696757863  0.43410363946704622  0.44279884260230240
  0.45112161609479901  0.45922231685949638  0.46735343330657686  0.47563318472292199
  0.48359070300510021  0.49110485793821096  0.49846531464399280  0.50550615728408277
  0.51240190972416921  0.51927326750535707  0.52615707582823734  0.53307167832528879
  0.53986177282417580  0.54653910795777205  0.55316797410801477  0.55973061663610746
  0.56626674958725820  0.57284885067922420  0.57943306664856786  0.58591233771906781
  0.59212754074093910  0.59815583959339313  0.60412982703180873  0.61006096533365584
  0.61604948744940236  0.62203503329880705  0.62764833024257727  0.63290486843975413
  0.63797398617451506  0.64306995513876508  0.64820313863449852  0.65339901287261259
  0.65861705505423596  0.66381849730939213  0.66894145580508957  0.67395006277901404
  0.67889344493379500  0.68379061938591790  0.68876803317273561  0.69409344675444640
  0.69940879695257174  0.70470680867545743  0.71000112920884406  0.71518701672136720
  0.72025798241437566  0.72534452242716063  0.73052614618065259  0.73572846065596476
  0.74106730291500045  0.74623219913136862  0.75138539245347169  0.75660915628093439
  0.76179528965692056  0.76698166036132143  0.77214322113888945  0.77730918066041388
  0.78265549155910485  0.78806529519732349  0.79371913291460361  0.79989749625070550
  0.80584569501056835  0.81158700816314799  0.81744997334471947  0.82357388302103585
  0.83004259814045134  0.83713636616635023  0.84457929108608243  0.85310281578358127
  0.86297032468269785  0.87689520060819515  0.89466806694297896  1.00000000000000000
   4.4207096455230978E-007  -1.0000000000000000     
 T T T T T T T T T T T T T T T T F F F F F F F F F F F F F F F F F F F F F F F F F F F F F F F F T T T T T T T T T T T T T T T T T T T T T T T T T T T T T T T T F F F F F F F F F F F F F F F F F F F F F F F F F F F F F F F F T T T T T T T T T T T T T T T T
  <DiscreteSampler_grid>
  grouped_processes
  1 # 1 for a reference and 2 for a running grid.
  10 # Attribute 'min_bin_probing_points' of the grid.
  1 # Attribute 'grid_mode' of the grid. 1=='default',2=='initialization'
  0.0000000000000000 # Attribute 'small_contrib_threshold' of the grid.
  0.5000000000000000 # Attribute 'damping_power' of the grid.
 # binID   n_entries weight   weight_sqr   abs_weight
    13   10   7.749591821507113E+004   1.412259677795946E+010   7.749591821507113E+004
    14   10   7.749591821507120E+004   1.412259677795950E+010   7.749591821507120E+004
    16   10   1.103983937249712E+005   2.861181394218423E+010   1.103983937249712E+005
    17   10   1.103983937249714E+005   2.861181394218436E+010   1.103983937249714E+005
    22   10   7.749591821507111E+004   1.412259677795945E+010   7.749591821507111E+004
    23   10   7.749591821507120E+004   1.412259677795950E+010   7.749591821507120E+004
    25   10   1.103983937249712E+005   2.861181394218423E+010   1.103983937249712E+005
    26   10   1.103983937249714E+005   2.861181394218435E+010   1.103983937249714E+005
    31   10   7.749591821507113E+004   1.412259677795946E+010   7.749591821507113E+004
    32   10   7.749591821507120E+004   1.412259677795951E+010   7.749591821507120E+004
    34   10   1.103983937249712E+005   2.861181394218423E+010   1.103983937249712E+005
    35   10   1.103983937249714E+005   2.861181394218436E+010   1.103983937249714E+005
    40   10   7.749591821507111E+004   1.412259677795945E+010   7.749591821507111E+004
    41   10   7.749591821507120E+004   1.412259677795950E+010   7.749591821507120E+004
    43   10   1.103983937249712E+005   2.861181394218423E+010   1.103983937249712E+005
    44   10   1.103983937249714E+005   2.861181394218435E+010   1.103983937249714E+005
  </DiscreteSampler_grid>
