  0.02433510055212080  0.03286456151731518  0.04354905457155243  0.05663838430474941
  0.07032439000435334  0.08639123786224753  0.10085303128520642  0.11506268770387736
  0.12448931938259590  0.13214394825809417  0.13980602767307554  0.14787231046945362
  0.15702817418759318  0.16643052890029020  0.17535796302072928  0.18369453997497162
  0.19207361061563091  0.20071121755537780  0.20847050281529766  0.21643968457628368
  0.22440954389177983  0.23331668547280840  0.24297823252965670  0.25419396553154633
  0.26829969642568413  0.27963094745407857  0.28790439034239906  0.29595360417998173
  0.30330690558117240  0.31135630657462904  0.32106240881171094  0.33154125813909618
  0.34251805202117219  0.35312324875269796  0.36276220077645616  0.37203834506536126
  0.38311571610027445  0.39436657484568771  0.40666053487082421  0.41879225645762813
  0.42891850301226292  0.43802434555561992  0.44693278799734365  0.45610904129534408
  0.46554739049496896  0.47498744743992533  0.48387920288502767  0.49216749505992946
  0.49947463629478978  0.50607770854933531  0.51391965276039908  0.52327456581919762
  0.53228790929567915  0.54174829604785923  0.55069083466683300  0.55963954796968352
  0.56870283004773969  0.57728934729716597  0.58634555261135057  0.59694969457577407
  0.60765587939629429  0.61980348174779309  0.63235317512127154  0.64402119284380288
  0.65413794158919503  0.66312375187301720  0.67098240366729145  0.67832837885037489
  0.68640508944190337  0.69634907759233633  0.70662575522355964  0.71643629721835544
  0.72509762853122217  0.73438643828187122  0.74408461577655405  0.75471194700457167
  0.76644415018376211  0.77922160229600046  0.79180396031766664  0.80242677430820730
  0.81212649956850091  0.82237241198887123  0.83347799383289944  0.84364842022333342
  0.85331909609528844  0.86353364782492403  0.87614765723153765  0.89283172283348500
  0.90767464902592876  0.92049107337270342  0.93220405587398292  0.94395668958889711
  0.95442278269661662  0.96462347187960018  0.97102082278252522  1.00000000000000000
  0.00005537210760260  0.00006509470869351  0.00007202665987571  0.00007746114789026
  0.00008225445992109  0.00008709969172409  0.00009235684951144  0.00009768466057562
  0.00010256639604129  0.00010721485000367  0.00011215738648888  0.00011759130868923
  0.00012393898958002  0.00013075545307144  0.00013703922461512  0.00014330123085269
  0.00014945209443718  0.00015631016303807  0.00016357122337210  0.00017139460264036
  0.00017962300732437  0.00018713432410794  0.00019592994161038  0.00020337126749406
  0.00021172220915480  0.00022043404425221  0.00022840547177901  0.00023607197460228
  0.00024395408949098  0.00025185720008549  0.00026152380544250  0.00027046663794085
  0.00027838874484957  0.00028583997822409  0.00029388342903996  0.00030161562596550
  0.00030980232872699  0.00031994557504612  0.00032970604228840  0.00034089316961159
  0.00035327195460851  0.00036594028682488  0.00037718874074462  0.00038952389057500
  0.00040333133233733  0.00041719723179748  0.00043339485708932  0.00045202905202574
  0.00047734672733569  0.00050933610495328  0.00054165105832438  0.00057217062660429
  0.00060232418302606  0.00062730470015779  0.00064474522237007  0.00067532517898626
  0.00071072942835218  0.00074250445835362  0.00076983181209812  0.00079917100663917
  0.00082819906115833  0.00086179839931950  0.00092138767232485  0.00098731349032037
  0.00104529398803415  0.00108820932433678  0.00113496323794490  0.00117566073930385
  0.00122340260215566  0.00127770829323042  0.00132373287369156  0.00136032818825856
  0.00139998827516731  0.00144402404526160  0.00149155734254184  0.00156360279076944
  0.00164921508221320  0.00176334940448969  0.00188574428894011  0.00204520509353508
  0.00234741639635193  0.00276706707632515  0.00286549926844607  0.00297107616710968
  0.00308131204283038  0.00325165509895860  0.00387167955306530  0.00429194230311430
  0.00469706889808689  0.00512264094690923  0.00558236713865048  0.00609582355635311
  0.00664276265744763  0.00790714432592493  0.02220845432926951  1.00000000000000000
 -0.00001243646548117  0.00030294269208260  0.00119842895726829  0.00281674471987849
  0.00502520859399607  0.00768149093477631  0.01167347771562408  0.01598003690502196
  0.02106631059977133  0.02692241444472635  0.03400155859628111  0.04113065031652891
  0.04736064226371652  0.05418055759906308  0.06232450755837946  0.07175114630212613
  0.07932415682494302  0.08506191716085790  0.08960197353937811  0.09447221046874743
  0.09967500378609849  0.10921046449965033  0.11772593852838524  0.12646133513360522
  0.13565694843337403  0.14629157446325000  0.15795438996933997  0.16903636174586376
  0.17813316092062417  0.18549120590781129  0.19328610147022035  0.20088938335145065
  0.20690106773307099  0.21254374331656273  0.21806548385409688  0.22518306597807139
  0.23290707696275700  0.24173906506288043  0.25053845662292562  0.25938732956765970
  0.26762121483540113  0.27574322344937607  0.28415517688757230  0.29408272210519804
  0.30350231211445139  0.31285639046668523  0.32238022835613633  0.33086608602568357
  0.33990106868582498  0.35001254642151902  0.35977720906959049  0.36897481212190575
  0.37914909006630815  0.39068331152212465  0.40254390995660289  0.41586546496779553
  0.42925411913665351  0.44061863213300551  0.45054133450194839  0.46004914305567240
  0.46904098656254894  0.47815650094195095  0.48701381705195324  0.49676104710692598
  0.50838559349103540  0.52148803648519992  0.53464916879414381  0.54703868394255040
  0.55901110167766044  0.57055432950067630  0.58030065216749993  0.58980292531611156
  0.59946901041417688  0.61011045442150025  0.62246348606427571  0.63551533802370508
  0.64827979405432234  0.66042661154819160  0.67312119917550439  0.68629589702976523
  0.69982755421633114  0.71341344113008798  0.73219805551333161  0.75105396596008167
  0.77173048221656149  0.79400742929179691  0.81608965648002774  0.83841374534967561
  0.85961034934094149  0.87861059864939661  0.89676758856757988  0.91631202501927655
  0.93803672830219820  0.95850802454231510  0.97810350746926999  1.00000000000000000
 -0.00279074126525660  0.01227657516625825  0.02462925178393557  0.03766378722031111
  0.05182047536577421  0.06613339253481454  0.07905510808437272  0.09078791476558247
  0.10187135204600162  0.11245430850794910  0.12191612890706435  0.13042778065339550
  0.13875945071144369  0.14817459068804975  0.15889355795540602  0.16744124874174174
  0.17490913872984379  0.18202772960100030  0.18992660585933283  0.20218807307744649
  0.21685292415540697  0.22892818778991009  0.24063128547954341  0.25209716840977497
  0.26425662615806761  0.27669877254303527  0.28937152873672722  0.30525398318015035
  0.32037389075395062  0.33297031041624681  0.34510571354166747  0.35684088709980888
  0.36829008079629749  0.37914453285537830  0.39104573049471841  0.40197284471501399
  0.41304921065828282  0.42561932842029432  0.43753786790608273  0.44776286114453345
  0.45747942301967148  0.46683651213697935  0.47804811670412539  0.48931643921080148
  0.50018444493510916  0.50914674756065215  0.51802869858810130  0.52533583112509985
  0.53367929340189979  0.54328561990019020  0.55258207327554820  0.56291893002785687
  0.57356664099759802  0.58321256766534724  0.59305351013730612  0.60283808505776604
  0.61296482700441957  0.62245132580056373  0.63121530332756781  0.63963465082252746
  0.64882285007226681  0.65725489199748566  0.66472325584555325  0.67212198703026171
  0.68052190126448830  0.69068888485756241  0.70142077815968618  0.71244010126326540
  0.72403829758334559  0.73476669832806574  0.74469194744041900  0.75572234000322625
  0.76579611669195558  0.77634502349414947  0.78603781368403580  0.79620213451749211
  0.80904388071943567  0.82239699385946285  0.83650890253672372  0.84776308976093429
  0.85775258295265400  0.86675127397690033  0.87515659323024220  0.88369449704655945
  0.89271584225819545  0.90259971014369411  0.91348240967440864  0.92473991914729925
  0.93645996684941180  0.94616109327446496  0.95704108227168561  0.96431004898019423
  0.97188402870265500  0.97952684736574014  0.98838109674774310  1.00000000000000000
 -0.00232567997278654  0.00715400951850536  0.01291161051919982  0.01753373289399809
  0.02228209454571263  0.02699715600771539  0.03186559334623214  0.03807326941886269
  0.04614263277181475  0.05525105248532719  0.06513529374584937  0.07605324291370932
  0.08606761574651892  0.09488183629651155  0.10287188765925090  0.11063274424666078
  0.11916904860145731  0.12842532652706290  0.13796381283057291  0.14815960061524888
  0.15873720566575392  0.16963513876788511  0.18078151128935183  0.19293673599096442
  0.20380684284774422  0.21496109436336416  0.22724704398055698  0.24006483526148045
  0.25274306246394479  0.26497504578247250  0.27794059596136161  0.28969999747604736
  0.29949987854875604  0.30824890349306389  0.31803401563278327  0.32913574663522649
  0.34249530785032190  0.35710301090366958  0.37125518006736996  0.38467454548113850
  0.39657178084109157  0.40813252376854436  0.41912740772405471  0.43135917446101690
  0.44349639266827640  0.45593811066860562  0.46855375742429406  0.48109175505288260
  0.49385451541166131  0.50717036353839628  0.52168809263919091  0.53761824359165156
  0.55222907799305443  0.56474311762754981  0.57713118605758784  0.58977671979344348
  0.60234470974159116  0.61538731255942292  0.62845776142166032  0.64270420575365794
  0.65800664302188905  0.67244584225288040  0.68610141914787948  0.70024106393829155
  0.71374132785301458  0.72614832982588229  0.73798324995273679  0.75117063593303146
  0.76417255860917221  0.77544751291421898  0.78695602552724186  0.79841401306455895
  0.81225516487901750  0.82522546576271649  0.83788684392500057  0.84916586826601237
  0.85875298491622853  0.86778010119333415  0.87665626129958096  0.88358682023292234
  0.89023952605451384  0.89664255997474185  0.90258017068620944  0.91190329011373794
  0.92080389879289137  0.92769775944696342  0.93459736136472293  0.94172946149002612
  0.94948785064055219  0.95700318748761681  0.96388467154652091  0.96996081734439721
  0.97641306314962761  0.98375314567144945  0.99216505088219087  1.00000000000000000
 -0.00267087287985669  0.00950282638759454  0.02062549530733947  0.03445654312890464
  0.04598642827685349  0.05572228334455724  0.06556163573053025  0.07506904791291991
  0.08402379276639843  0.09248347190760203  0.09998439609522879  0.10947055787558803
  0.11782597045621584  0.12632070239240561  0.13452706532732658  0.14417949775385913
  0.15533359611104017  0.16899463072225146  0.18287405755352187  0.19554543634376384
  0.20840165903102148  0.21873104402636259  0.22900483948055639  0.23934608943293717
  0.24927698874484619  0.25871625976894974  0.26799446720629605  0.27731314608193475
  0.28676207471428283  0.29554958211083104  0.30493770654204316  0.31552219960667066
  0.32663583333733831  0.33794817110184006  0.35015886520290962  0.36298311020329321
  0.37524266539164430  0.38591026128028755  0.39567233308379079  0.40728967494143170
  0.41889880352930925  0.43035760108475962  0.44216779709567183  0.45206406087526807
  0.46116361389525706  0.47010456128423284  0.47945604134473641  0.49084606554826943
  0.50520956148672558  0.51759871284876691  0.52781708718793607  0.53841703503054472
  0.54798287429011161  0.55782486927561659  0.56770189398820559  0.57653774222171683
  0.58563280173346954  0.59532724041447238  0.60550583847233619  0.61623373470902632
  0.62823550666698214  0.64191679244150512  0.65282367238381289  0.66252189769121872
  0.67258374993936954  0.68159042042573426  0.69078352149471256  0.69941889491769393
  0.70960667479314798  0.71858966727147355  0.72756595212086927  0.73690027182609785
  0.74730326077094955  0.75683752267021132  0.76403696353214501  0.77199470796876124
  0.77968196520664268  0.78794926398223497  0.79598272457666941  0.80332801897687867
  0.81065020444679470  0.81896553055906551  0.82896326012390142  0.83912498405563340
  0.84985400132019040  0.86024228534844627  0.87220665347130633  0.88553020676425820
  0.90284424475734215  0.91770304138316960  0.93104984733577767  0.94330633163501942
  0.95807664066138909  0.97245292183113241  0.98689797141516988  1.00000000000000000
  0.00641559977823973  0.01280530681966282  0.01914726938325267  0.02827495269447768
  0.04138062135039230  0.05671757019541761  0.06858325060425878  0.07807303622457809
  0.08722559577317689  0.09680727401966790  0.10675831843930440  0.11423653442281344
  0.12110005976461223  0.12799753705199096  0.13457901904375599  0.14135039403406988
  0.14854013356057197  0.15714106965951805  0.16562107876553506  0.17895548859753566
  0.19201739752581015  0.20452573926684844  0.21680102196850620  0.22809027860592299
  0.23940892184111953  0.25113398786984792  0.26252881614274159  0.27358924518237021
  0.28512691301817794  0.29728368278974904  0.31137102980829023  0.32710090031202876
  0.34041064485419786  0.35173102153923719  0.36209672556506861  0.37357648985816350
  0.38605209494451082  0.39823760340401965  0.40972575753853269  0.42114274488697123
  0.43273859376352569  0.44646516890198334  0.46170623455779297  0.47506130177791445
  0.48831220364922917  0.50223079859580910  0.51571022507899378  0.52912719149044440
  0.54136187269546465  0.55326530034524357  0.56654094863968141  0.58035275229462657
  0.59276507766732611  0.60442460150907573  0.61576698724787238  0.62718657182084669
  0.63737818055294482  0.64733980822013137  0.65711669622073110  0.66711409886154505
  0.67790033577641629  0.68930509392491468  0.70242319601626735  0.71502440454481464
  0.72641425182951147  0.73655539190359032  0.74684420005452268  0.75913004284694363
  0.77143271519389245  0.78299499068604406  0.79460328113399092  0.80557174887992600
  0.81513058550115569  0.82477783697848894  0.83456964366802910  0.84472720463149542
  0.85394954870268447  0.86274922937589149  0.87018220240381872  0.87713729543985708
  0.88407946566480911  0.89087085012781109  0.89735136367101287  0.90405422852352779
  0.91108406027625344  0.91793681338379951  0.92424503717344553  0.93090606013549704
  0.93857447412115913  0.94636177101059782  0.95472179206737129  0.96399384675687472
  0.97282736079915944  0.97867667518944468  0.98853485066286095  1.00000000000000000
 -0.00199553356164966  0.01084642309607039  0.02047827400848048  0.02931917206228773
  0.03930332077075980  0.05046710194844263  0.06140545305533446  0.07066724351972070
  0.07884734626266278  0.08796704573719448  0.09764986466555270  0.10763721024541142
  0.11845357614044856  0.12962945168994233  0.14145296172370275  0.15367369060997724
  0.16541586624660193  0.17797998741022983  0.19011020628742767  0.20032358651911161
  0.20926259906000158  0.21696819035684095  0.22502616242858317  0.23371777759086970
  0.24187178966423542  0.24982541484076537  0.25718106896452614  0.26534833389859014
  0.27441814024770633  0.28199887945376362  0.28938476583959249  0.29841164867420183
  0.30847448254725185  0.31825435117570466  0.32783279511238328  0.33693024625789209
  0.34527626350262147  0.35714590492657233  0.36888688194263425  0.37978692538343706
  0.39064537927882709  0.40312523490789548  0.41713024857511594  0.43130323314363522
  0.44724209975579371  0.45935815973892141  0.47150293996022852  0.48262022806219446
  0.49483979381772780  0.50720848059122736  0.51773468801528033  0.52749544095162393
  0.53817902691555453  0.55067694218244700  0.56253975068840512  0.57437397345357533
  0.58630287572993467  0.59894014759671621  0.61083180686699368  0.62108444037897881
  0.63232344851338940  0.64363454661092745  0.65492378823454533  0.66601626830598204
  0.67675506037992617  0.68662436784325187  0.69517248319690528  0.70530856889475513
  0.71459552194309539  0.72402783219770428  0.73316216890303554  0.74281617746269435
  0.75304270132525619  0.76456128838283599  0.77562004937788609  0.78531387390689966
  0.79400647674687153  0.80160854915554169  0.80951767513432971  0.81786496779496509
  0.82759143167410754  0.83855154530967935  0.84955076624002779  0.86141560517654892
  0.87252386454294550  0.88247757978887431  0.89240676714177247  0.90300771130844892
  0.91537343542093408  0.92603466157036940  0.93763846610125534  0.94810210617567159
  0.96004422000426948  0.97324069763601340  0.98698671562281393  1.00000000000000000
  0.29951344251749384  0.33989268786020982  0.35506001309590868  0.36696642610764246
  0.37789542820419075  0.38915649102195987  0.40162571624996429  0.41408974399823184
  0.42639250869384843  0.44137127618426031  0.45660569336576501  0.47070544390200236
  0.48345256169981832  0.49500329610860627  0.50599503405212221  0.51763474433247469
  0.52867489531115353  0.53915560772870275  0.54815289598097505  0.55608019852633583
  0.56418114910767558  0.57265032832430041  0.58112370103933353  0.58992023008638694
  0.59954042078131842  0.60911429359607183  0.61918906169920596  0.62809606208176061
  0.63630735056969012  0.64495950403864211  0.65293021711025889  0.66077806313189402
  0.66856392214294080  0.67618922970064821  0.68343231600991317  0.69104362584027912
  0.69866422629740965  0.70602246865789031  0.71334761668530211  0.72029090131181761
  0.72717957811771505  0.73353072610284653  0.73912509840675056  0.74456770928888116
  0.75000836945391558  0.75543963479608189  0.76087292401853690  0.76594965415387151
  0.77106575669714938  0.77635292599207140  0.78207312451840327  0.78760096981116645
  0.79258703642970130  0.79766831555389062  0.80264820078100685  0.80761601491964008
  0.81268859500095214  0.81801377913945206  0.82351643838175392  0.82902548850690438
  0.83475896658777293  0.84097896820739015  0.84777493815199489  0.85423519737636056
  0.85917773614274928  0.86398346552360750  0.86842722220057744  0.87366887440392504
  0.87882982136325360  0.88359103671558703  0.88814199066938537  0.89241411259363068
  0.89659634497213014  0.90119444086188094  0.90616100121339160  0.91058775485965515
  0.91526821554372240  0.91964829423774130  0.92381705103511780  0.92799552610720759
  0.93145578127868167  0.93431968366731410  0.93733429177734262  0.94067582485195400
  0.94390511530369003  0.94783218254696133  0.95230173415022223  0.95754411704748865
  0.96307988671233891  0.96814665289605106  0.97367850144884316  0.97983815410998587
  0.98521851620240652  0.99008156383248269  0.99513381567946813  1.00000000000000000
  0.04685292571395719  0.16507899557070829  0.20531368964583624  0.23251809160511835
  0.25022332484179288  0.26770646550666971  0.28568058863193913  0.30258688847943072
  0.31676952255508806  0.32750694867687136  0.33798204952091548  0.34846460682454505
  0.35880093817577219  0.37040391960944780  0.38212228953213229  0.39683685213431491
  0.41023426201591168  0.42124213517190845  0.43135414615206191  0.44085842859711405
  0.44983179237247611  0.45787361895425205  0.46498806673389154  0.47182783860559413
  0.47870532256736453  0.48570337272058817  0.49258933358577728  0.49958988700999019
  0.50674826151598840  0.51466982948710904  0.52302272428505769  0.53224931958693855
  0.54019172884914235  0.54769516442557253  0.55512794649621999  0.56222274337315858
  0.57059659902375559  0.57862416093414748  0.58518027285132723  0.58965660009839693
  0.59404013539286227  0.59897434828826202  0.60401816843796530  0.60941758556528736
  0.61556757679936747  0.62097324857581260  0.62553211657855756  0.62976409063842442
  0.63382494310614401  0.63931017048585592  0.64531595061976532  0.65171599600934838
  0.65725428257294449  0.66285258290643601  0.66777003088495390  0.67254934511158015
  0.67698798875293342  0.68157230125298829  0.68633399970183540  0.69212338611330548
  0.69849010555284374  0.70474797553878421  0.71037613858874038  0.71506029032441176
  0.71991278543456949  0.72546806344602266  0.73013623531855298  0.73361889882467102
  0.73722571366699374  0.74086420108221884  0.74547751517378813  0.75180481428291468
  0.75803315614456301  0.76400589835528854  0.77031722577162443  0.77817104995969788
  0.78669598910299166  0.79447355502226746  0.80072597764731201  0.80646874453701389
  0.81176678122762491  0.81575999020205336  0.81928927018206410  0.82222188660938156
  0.82556427994749093  0.83064034471776127  0.83673027928377353  0.84666690656635235
  0.85692732667699756  0.86417831106672216  0.87115209732758614  0.87956997540357085
  0.88887148819855910  0.90212392150991927  0.93121709636151850  1.00000000000000000
   7.0939198008240900E-009  -1.0000000000000000     
 T T T T T T T T T T T T T T T T F F F F F F F F F F F F F F F F F F F F F F F F F F F F F F F F T T T T T T T T T T T T T T T T T T T T T T T T T T T T T T T T F F F F F F F F F F F F F F F F F F F F F F F F F F F F F F F F T T T T T T T T T T T T T T T T
  <DiscreteSampler_grid>
  grouped_processes
  1 # 1 for a reference and 2 for a running grid.
  10 # Attribute 'min_bin_probing_points' of the grid.
  1 # Attribute 'grid_mode' of the grid. 1=='default',2=='initialization'
  0.0000000000000000 # Attribute 'small_contrib_threshold' of the grid.
  0.5000000000000000 # Attribute 'damping_power' of the grid.
 # binID   n_entries weight   weight_sqr   abs_weight
    13   10   6.387098852160979E-003   1.646836958573898E-004   6.387098852160979E-003
    14   10   6.387098852160979E-003   1.646836958573898E-004   6.387098852160979E-003
    16   10   2.051121049657972E-002   2.048052679151049E-003   2.051121049657972E-002
    17   10   2.051121049657972E-002   2.048052679151052E-003   2.051121049657972E-002
    22   10   3.288933221706055E-003   2.233927331721217E-005   3.288933221706055E-003
    23   10   3.288933221706055E-003   2.233927331721217E-005   3.288933221706055E-003
    25   10   4.697616956439536E-003   3.869642824903131E-005   4.697616956439536E-003
    26   10   4.697616956439541E-003   3.869642824903142E-005   4.697616956439541E-003
    31   10   3.288933221706055E-003   2.233927331721216E-005   3.288933221706055E-003
    32   10   3.288933221706055E-003   2.233927331721217E-005   3.288933221706055E-003
    34   10   4.697616956439536E-003   3.869642824903131E-005   4.697616956439536E-003
    35   10   4.697616956439541E-003   3.869642824903141E-005   4.697616956439541E-003
    40   10   6.387098852160977E-003   1.646836958573897E-004   6.387098852160977E-003
    41   10   6.387098852160976E-003   1.646836958573897E-004   6.387098852160976E-003
    43   10   2.051121049657972E-002   2.048052679151049E-003   2.051121049657972E-002
    44   10   2.051121049657972E-002   2.048052679151051E-003   2.051121049657972E-002
    49   10   6.387098852160976E-003   1.646836958573897E-004   6.387098852160976E-003
    50   10   6.387098852160976E-003   1.646836958573897E-004   6.387098852160976E-003
    52   10   2.051121049657972E-002   2.048052679151050E-003   2.051121049657972E-002
    53   10   2.051121049657972E-002   2.048052679151052E-003   2.051121049657972E-002
    58   10   3.288933221706055E-003   2.233927331721216E-005   3.288933221706055E-003
    59   10   3.288933221706055E-003   2.233927331721217E-005   3.288933221706055E-003
    61   10   4.697616956439537E-003   3.869642824903131E-005   4.697616956439537E-003
    62   10   4.697616956439541E-003   3.869642824903141E-005   4.697616956439541E-003
    67   10   6.387098852160976E-003   1.646836958573897E-004   6.387098852160976E-003
    68   10   6.387098852160977E-003   1.646836958573897E-004   6.387098852160977E-003
    70   10   2.051121049657972E-002   2.048052679151050E-003   2.051121049657972E-002
    71   10   2.051121049657972E-002   2.048052679151052E-003   2.051121049657972E-002
    76   10   3.288933221706055E-003   2.233927331721217E-005   3.288933221706055E-003
    77   10   3.288933221706055E-003   2.233927331721217E-005   3.288933221706055E-003
    79   10   4.697616956439537E-003   3.869642824903131E-005   4.697616956439537E-003
    80   10   4.697616956439541E-003   3.869642824903141E-005   4.697616956439541E-003
  </DiscreteSampler_grid>
