 -0.00283966788739667  0.01408789972698112  0.02710099351110877  0.03931988844151106
  0.05111300685259376  0.06269797908215267  0.07388267297653003  0.08502253714929950
  0.09616284354198823  0.10773048927559697  0.11919915455964354  0.13049570961203652
  0.14150727633302351  0.15242275762072424  0.16325310365061810  0.17404670133067660
  0.18479032719313962  0.19511240600035323  0.20528109162778135  0.21538144076722421
  0.22522875831673994  0.23503369216861258  0.24470726979912563  0.25472780944851231
  0.26514458794636997  0.27588609993622615  0.28654123095721312  0.29709687386430594
  0.30762892784164081  0.31856791610467977  0.32960029897029064  0.34054854438669308
  0.35136296783196147  0.36216944380696586  0.37309564305673071  0.38368077010613238
  0.39425441647274562  0.40466443618271275  0.41514595308970381  0.42547614860317667
  0.43589963124970044  0.44657286328921164  0.45721753306220531  0.46788805100378938
  0.47866001148877552  0.48977488709578954  0.50085013154943747  0.51171878598352694
  0.52265750678571088  0.53366995509928772  0.54446964559558175  0.55468278575232444
  0.56470195435467430  0.57461600891449516  0.58456339753288700  0.59474632075763090
  0.60483195469208340  0.61457719376000464  0.62411111484366566  0.63383669762996975
  0.64388961039652592  0.65412607202128159  0.66454568167071937  0.67521138232144318
  0.68596517602630747  0.69662952245717469  0.70728668818959517  0.71796021743504279
  0.72845814228895822  0.73877531562991461  0.74906685434213960  0.75947355920598947
  0.76997315837272695  0.78030511676761127  0.79060049895570295  0.80094192860085112
  0.81132191265013953  0.82186160691609944  0.83249452151033798  0.84332974123363469
  0.85411077139171332  0.86451901002302034  0.87500207008380937  0.88546908799446367
  0.89611432107950739  0.90636573674504095  0.91667644298901307  0.92711169767236012
  0.93756371832137408  0.94784357925117946  0.95784033998465867  0.96770588305207683
  0.97731724742831727  0.98571214964065967  0.99311399716540349  1.00000000000000000
 -0.00558760521552866  0.02806464787914110  0.04854135514356267  0.06435644735122945
  0.07785566665613898  0.09056972786464285  0.10280128053815264  0.11444686096228435
  0.12572202305945265  0.13651653339927219  0.14660001351929489  0.15632267371679442
  0.16639750680204077  0.17713894674195971  0.18821822259167270  0.19918226819792106
  0.21007425653165779  0.22107575328035114  0.23192086117140426  0.24241457751024834
  0.25268831626363975  0.26282467728182285  0.27296536860956533  0.28315184414003819
  0.29337741007680085  0.30371246504608929  0.31426618697394038  0.32508482263070881
  0.33593540276819567  0.34653168047209787  0.35699255854614542  0.36742199082528010
  0.37783182424173184  0.38838809183594120  0.39888524129204928  0.40943234180588634
  0.42024329697587953  0.43128660289232812  0.44198106292656314  0.45233380355088298
  0.46285188892312729  0.47358312655412360  0.48405674101045570  0.49413953853150955
  0.50426416141376318  0.51454915955507496  0.52500333495452189  0.53583521563882142
  0.54673328903576501  0.55750934637897054  0.56793192972391526  0.57811554127848030
  0.58820934582697126  0.59829572701588951  0.60849358953567423  0.61870938071509729
  0.62873892149991861  0.63871148553910739  0.64872618302015839  0.65856947315042025
  0.66833485483118804  0.67816180087407629  0.68796943498647667  0.69775956197676026
  0.70753348376832847  0.71751285181452307  0.72749712338158024  0.73737675176028117
  0.74733902036489419  0.75763609571416957  0.76810128759782548  0.77843870193606868
  0.78859608811329196  0.79880331608958910  0.80914450592536213  0.81957792014125141
  0.82992342185569490  0.84010373372223102  0.85022141247052141  0.86033455927319613
  0.87035091513831153  0.88025457204692681  0.88990069050421150  0.89931241798000494
  0.90859579965495507  0.91786299293283891  0.92721072310151187  0.93663088404636741
  0.94606636855823467  0.95538903564661881  0.96444454112708167  0.97309367548956938
  0.98111245806937064  0.98810846609980874  0.99425711576067488  1.00000000000000000
  0.00000079809141277  0.00000168764968405  0.00000258346921076  0.00000346350907224
  0.00000440679700585  0.00000539907495466  0.00000642791288945  0.00000749803364267
  0.00000859654253142  0.00000974283340122  0.00001098020821840  0.00001235040195828
  0.00001386128254947  0.00001551850135487  0.00001732618017386  0.00001932797136312
  0.00002159912189760  0.00002410475374302  0.00002693202662138  0.00003004334917836
  0.00003358391887527  0.00003770621399037  0.00004274258011852  0.00004840477915401
  0.00005434932599745  0.00006030949078353  0.00006628510052830  0.00007231851735440
  0.00007850936811895  0.00008487043821953  0.00009125815364102  0.00009798658615420
  0.00010477162346853  0.00011189308052858  0.00011932587990079  0.00012707477956518
  0.00013532739265885  0.00014397273515686  0.00015319766363224  0.00016301950651261
  0.00017325665960403  0.00018388054566436  0.00019500775924189  0.00020658714254535
  0.00021895366594592  0.00023185960191455  0.00024559673763788  0.00025988258151311
  0.00027473520937740  0.00029097038353097  0.00030835557540001  0.00032605513796439
  0.00034535841033245  0.00036613406713307  0.00038943261858777  0.00041516335597806
  0.00044207286145084  0.00047045604603352  0.00050111000113535  0.00053485478633487
  0.00057156047660051  0.00061054234020139  0.00065820501961608  0.00070543283793519
  0.00075351374128189  0.00080533407392006  0.00086391790808380  0.00093310145343232
  0.00101199421547436  0.00109479692468692  0.00118760415127416  0.00129283485611205
  0.00141016484025008  0.00152013257408287  0.00164289698697633  0.00177890529301815
  0.00195171555444074  0.00214109461989652  0.00232186794533212  0.00250455630345170
  0.00272172287128324  0.00297428600885304  0.00324462882504248  0.00352445056701132
  0.00372829748360857  0.00391182065209089  0.00411405537209007  0.00439619553355519
  0.00484963032285280  0.00539366071513083  0.00598080452963776  0.00648702950741300
  0.00692799898579411  0.01680907722705293  0.03238086849645857  1.00000000000000000
 -0.00168552174489095  0.00582412403954978  0.01285222154938592  0.01997928844924569
  0.02734577711977567  0.03472659224491446  0.04223863097498088  0.05007230280012620
  0.05799300786564267  0.06569750034296602  0.07332369204842953  0.08107347557320575
  0.08889981106462382  0.09659175417784485  0.10410288552482892  0.11160204685501800
  0.11923636952404160  0.12701145034831446  0.13469247016069844  0.14203213869099574
  0.14943115149098327  0.15675546654161232  0.16412021859607206  0.17152491898772942
  0.17902347557012380  0.18664550073834482  0.19425864166637857  0.20186612181454155
  0.20952338650430632  0.21720815099079097  0.22484135210984824  0.23241882063931738
  0.24004533011597784  0.24775289803962006  0.25547661100314134  0.26331563617522213
  0.27109673337713364  0.27892643404607548  0.28684197990532972  0.29465744933419868
  0.30244828840781662  0.31045640655613399  0.31876357015105333  0.32716266437630132
  0.33558319310086532  0.34406139975957734  0.35257748203988498  0.36114123857768954
  0.36977898841976936  0.37843922147460368  0.38715648480826753  0.39589933632858931
  0.40467235834617171  0.41342319226004193  0.42225649824252237  0.43125656624358200
  0.44045304016664355  0.44986791692898920  0.45929612157671174  0.46891417368398619
  0.47867610637008762  0.48841310432290924  0.49828851529013840  0.50835062885223636
  0.51854145121603690  0.52882400532717533  0.53909937536056673  0.54954178066822579
  0.56034873897258108  0.57133825162330321  0.58252616414125591  0.59376050174531558
  0.60507697462520527  0.61656962550834460  0.62831972064327912  0.64051096083252634
  0.65326446013047079  0.66620373857883430  0.67926633508112522  0.69252218805265164
  0.70598198501314779  0.71965685592072093  0.73340039816614799  0.74791303354044159
  0.76292645249157043  0.77929694782393821  0.79654418195447052  0.81459729129925440
  0.83337566403111651  0.85289156691051571  0.87320793436746669  0.89499532615060451
  0.91891500305665175  0.94516926586463823  0.97216586583894116  1.00000000000000000
 -0.00276709806973754  0.01005903493800493  0.02077754898109870  0.03220237481581939
  0.04351688328130972  0.05410525757751295  0.06437114153528674  0.07421421268480184
  0.08439313625937057  0.09435472303347132  0.10449552053779046  0.11473735900325321
  0.12514609513187125  0.13588310234016221  0.14679888472599237  0.15777637383557888
  0.16869978593866042  0.17978879012680593  0.19068640194814984  0.20138966830481086
  0.21190487138526382  0.22259109775810834  0.23361162663122012  0.24474130862383608
  0.25576702810182017  0.26685824767011435  0.27758365427800341  0.28833206721484339
  0.29884327060988902  0.30970173247949756  0.32055385774516437  0.33127963661531235
  0.34153541334847926  0.35165242205236130  0.36187674129027575  0.37226611531583464
  0.38274037109956205  0.39298982035519386  0.40315436649334674  0.41335144883216518
  0.42372611615450995  0.43426014592938250  0.44475140635067761  0.45549619090730781
  0.46622969930387370  0.47688585232198055  0.48737108995759476  0.49776316973464613
  0.50839634140361412  0.51896044356198479  0.52980847111134244  0.54044869714634736
  0.55098038890554646  0.56145862254279999  0.57208549720981861  0.58276477028699580
  0.59338260935935982  0.60377897996894558  0.61422952443180923  0.62477346777516873
  0.63439694664064861  0.64385623278889292  0.65306764755788793  0.66298140508556014
  0.67321397936057947  0.68360193908140021  0.69425717541441756  0.70488188272688368
  0.71527874382175716  0.72560752658531313  0.73597781198929069  0.74641454585601708
  0.75673130943265521  0.76695255455880917  0.77745080690460500  0.78778835047892970
  0.79832878923433326  0.80872045948090865  0.81961049826125987  0.83066219556477006
  0.84145121407041112  0.85199846906369137  0.86209285799256163  0.87232324516405546
  0.88248660772796828  0.89301659030274738  0.90334443393805464  0.91385958362907682
  0.92459400221076171  0.93529371259058491  0.94593325183943722  0.95661140487982099
  0.96735297228149231  0.97816284151663802  0.98869598680175752  1.00000000000000000
 -0.00180498387661558  0.00585373860585366  0.01289091988551888  0.01993541181186780
  0.02703868175864637  0.03405363398990447  0.04121182674863061  0.04844397281301830
  0.05571861458810608  0.06293846690328304  0.07019495182104027  0.07751942821041753
  0.08480785930838679  0.09199309737834371  0.09901913623711962  0.10609161016936898
  0.11337624255859841  0.12097925358192023  0.12864308362234342  0.13617154767747733
  0.14346875393693204  0.15085496232887277  0.15855455701315366  0.16635601029280422
  0.17393051679476854  0.18142681162520366  0.18888217238750099  0.19632041429978203
  0.20384198785225319  0.21151467968657867  0.21925590917046078  0.22693053533562324
  0.23455906959316919  0.24228505639934525  0.25009878308922040  0.25823272831583144
  0.26625072476607781  0.27426538399829636  0.28233941778629473  0.29061945256244215
  0.29905111952629565  0.30742653255448882  0.31584417695693873  0.32432131110079110
  0.33285444600278574  0.34130707532755206  0.34969954437481671  0.35807072433465231
  0.36643224127146296  0.37488052608110067  0.38324937765802858  0.39166987268093761
  0.40032534779210943  0.40933368910183082  0.41833959536868198  0.42738988164114416
  0.43648579691316020  0.44612789343007292  0.45582166434981530  0.46543582589615917
  0.47500464234449130  0.48462440997083339  0.49429537718845351  0.50416833782929349
  0.51454270707204808  0.52539693822229805  0.53630071076805974  0.54719720334643129
  0.55800251725888017  0.56875031334459225  0.57977405288140738  0.59122383284847901
  0.60309209821399623  0.61480033794937494  0.62649089871604391  0.63848181085435840
  0.65104839738934972  0.66406924474551454  0.67733729002155008  0.69119720228717574
  0.70564028815856994  0.72030647510420898  0.73513294093965675  0.74960521813622927
  0.76430284695661221  0.77949700509430053  0.79581597751719213  0.81274888447643112
  0.83041624197780295  0.84895960092599398  0.86832932158007714  0.88878035540884548
  0.91165939646172123  0.93730103234187856  0.96667570189740115  1.00000000000000000
 -0.00263677897983631  0.00976390757866579  0.02020765723566324  0.03052169833248708
  0.04108007282454487  0.05213462177945136  0.06300319787106214  0.07319930497877973
  0.08337300253454390  0.09402586688331072  0.10483517472747259  0.11510180902000103
  0.12506819482635417  0.13541204160917936  0.14556395474852538  0.15590410373927138
  0.16649223455146045  0.17764752411786636  0.18907338376292010  0.20011791517440408
  0.21079191260562008  0.22141837606741058  0.23204346427196940  0.24284321158106395
  0.25327804975459367  0.26347165961889146  0.27369899500649136  0.28401973522939461
  0.29426412067714508  0.30430785851281028  0.31411080764711502  0.32425851236591996
  0.33453959056551463  0.34537040232663574  0.35625482420705762  0.36721328529713521
  0.37783440075338104  0.38831011858675984  0.39886703691737313  0.40953542239119012
  0.42017913232737131  0.43060089224447023  0.44066338752500667  0.45019290370474874
  0.45964459771896199  0.46944085463662688  0.47970853588363305  0.49027654271217247
  0.50072434495631479  0.51151967226526773  0.52222042732607543  0.53315682463300362
  0.54412089382827722  0.55456442317069676  0.56438830402676987  0.57392002742135806
  0.58384633263548658  0.59476175485851890  0.60573131500088329  0.61668126481307795
  0.62715287289703714  0.63763639659876814  0.64822001285677955  0.65917116248785101
  0.66986825690158525  0.68040848564888357  0.69105153404161690  0.70161351817814843
  0.71198394458993608  0.72201879945580560  0.73232526495378469  0.74235823851877114
  0.75238398969307874  0.76235057621738522  0.77223479102226555  0.78261250196447740
  0.79309113121671970  0.80417777353842090  0.81500259707778056  0.82551075265602880
  0.83594298208057338  0.84645672918332659  0.85754271016517902  0.86872372710492718
  0.87997704056811488  0.89071859345261106  0.90174527439235230  0.91289855430822553
  0.92411406077309111  0.93524660855807162  0.94625981422193961  0.95725603592053266
  0.96780295977274422  0.97815153241293595  0.98901662372654842  1.00000000000000000
 -0.00249829362549271  0.00985719912598452  0.01985179605442680  0.03038735928063169
  0.04134145956240935  0.05236932160027032  0.06357381203250781  0.07442155646117159
  0.08527018933988248  0.09578364434929992  0.10627896009469287  0.11616615193959733
  0.12607025270997857  0.13639780210994384  0.14689270247492864  0.15712889068276736
  0.16750496248256250  0.17826853391641770  0.18942567217623679  0.20046728640751096
  0.21150894023450881  0.22239984826677148  0.23306500953668066  0.24353157514196846
  0.25383879685619887  0.26405864956002872  0.27428805631667330  0.28457713855830064
  0.29490403600593151  0.30515652674207910  0.31546703114925501  0.32544646332741650
  0.33564153684216053  0.34580366067176815  0.35620716662718704  0.36672961686022426
  0.37743972931454889  0.38819901285585029  0.39904438790453522  0.40984361180661227
  0.42033714259018229  0.43050428613246638  0.44086011943341374  0.45149746965791038
  0.46215754343646182  0.47265333684934230  0.48312910415040555  0.49360461705299152
  0.50401830748282017  0.51436149048986224  0.52514775635093758  0.53602694488367453
  0.54692641019817057  0.55750993783254754  0.56821601986843273  0.57890104664186526
  0.58919781945483107  0.59929373855137125  0.60954156248714608  0.62012967348997483
  0.63078270023165561  0.64110949538927131  0.65151082685859607  0.66185137608793454
  0.67212825719511005  0.68237421863872405  0.69272559058448557  0.70288318749987866
  0.71284874408970123  0.72308921173051133  0.73432476324983054  0.74567926213343638
  0.75667129945897404  0.76691173568034765  0.77735495641309749  0.78777113740974680
  0.79849319626437998  0.80961454354257556  0.82059032887013217  0.83168507349249388
  0.84249295044851102  0.85362388399570066  0.86462640606467900  0.87548722220308417
  0.88575359911665630  0.89617809389948022  0.90633477867103840  0.91687240825421523
  0.92735567956255260  0.93807635026697922  0.94839722399065862  0.95850095069844410
  0.96863861113382421  0.97898103381169699  0.98947505948277870  1.00000000000000000
 -0.01375414133309576  0.11151461229274504  0.18552016622494483  0.22894874400225107
  0.25172843848051052  0.26773068076698342  0.28027157623912802  0.29108794411336153
  0.30089364051369238  0.31004855218416821  0.31864638680668611  0.32686893975764919
  0.33492987073050007  0.34281905540904722  0.35050822232923778  0.35795522515668748
  0.36520609333551035  0.37236124467321685  0.37946006211427502  0.38659287993433311
  0.39372037532235349  0.40077946492205602  0.40752796200919000  0.41424755756257187
  0.42085960086001045  0.42745345708033106  0.43401839447746965  0.44071223588463543
  0.44745681720144598  0.45418007749532296  0.46073716733743508  0.46723843234761347
  0.47379170236322071  0.48026091691359341  0.48664279134287630  0.49304938829654632
  0.49954183874909108  0.50609527243724883  0.51261712020111760  0.51910975857131003
  0.52552844019574341  0.53194010687526971  0.53835086672991339  0.54488798118655135
  0.55152515802975344  0.55813696721694506  0.56482902689233572  0.57167567198162461
  0.57846145851193487  0.58539981228054894  0.59238166551329674  0.59929073441889735
  0.60615886114966200  0.61293807980643700  0.61983409656534916  0.62671124022635483
  0.63349287280233113  0.64034655067255064  0.64728228187028813  0.65429110539714919
  0.66140446906454964  0.66861741798216578  0.67585874140133939  0.68308723472686717
  0.69028592107114184  0.69827865874589579  0.70601508765017973  0.71393241704981814
  0.72181617930528919  0.72985639567724125  0.73777952412560921  0.74572466337344634
  0.75367925761727050  0.76167690711135971  0.76987276835977381  0.77820339995134047
  0.78660910909297033  0.79509090632132007  0.80361727444867481  0.81231691809699103
  0.82112611770190169  0.82983132087880962  0.83845728233594352  0.84704429866324715
  0.85565809573824958  0.86459225987917487  0.87384420688389353  0.88379815648130422
  0.89370171795272779  0.90425535466757112  0.91582876130473079  0.92883152304528727
  0.94291692029378216  0.95809170899603546  0.97657042485162582  1.00000000000000000
  0.04241341729771178  0.14586905469691835  0.18580577485389027  0.21100693388271935
  0.23079774686820462  0.24745382161236495  0.26239019294494348  0.27681317027230179
  0.29019138664677724  0.30277800537915217  0.31508134566799562  0.32706125187803536
  0.33824377434901304  0.34863798686453329  0.35859978126692915  0.36842500788310850
  0.37801185867842668  0.38739804701829189  0.39655300683049199  0.40528716219034350
  0.41363557867202988  0.42178910229579669  0.43002520356785096  0.43845963516520264
  0.44683012164229446  0.45499014117374442  0.46301994879037811  0.47082230408169096
  0.47837178711046618  0.48568450513750266  0.49304187006833633  0.50029410562924626
  0.50748556996333372  0.51463530752694098  0.52167246794050293  0.52859638944125431
  0.53546158816702749  0.54237240586240343  0.54935269377479179  0.55628927238145509
  0.56303870923221044  0.56945205871400539  0.57565053886511197  0.58182590630477249
  0.58779011221373501  0.59382719994209665  0.59989742507250499  0.60603779787571421
  0.61197364370993812  0.61781830444362573  0.62341608284658467  0.62905866025368440
  0.63468609489701489  0.64038161458652199  0.64601695931874192  0.65159634862443949
  0.65720559232254583  0.66279545117614680  0.66831287717989041  0.67358368272430869
  0.67876774480393265  0.68395331647474933  0.68930822526626323  0.69459795894628673
  0.69985496329354369  0.70514550061785908  0.71046162187694994  0.71577573093273716
  0.72106509039854128  0.72630864099771875  0.73154778462962800  0.73685750176089249
  0.74211150575338070  0.74743432885866090  0.75280570020151072  0.75824078139625251
  0.76362053704115584  0.76910384855632152  0.77457695574782359  0.78016659666970989
  0.78573230993906595  0.79143795252688642  0.79745891736296948  0.80374916917075989
  0.81038205166201371  0.81740033296176018  0.82466068260795333  0.83221441738399327
  0.84037596866964714  0.84957956200081719  0.86062527911799735  0.87466002781276664
  0.89361578231984540  0.92252351745686978  0.97033122955955553  1.00000000000000000
   2.4138998349070287E-007  -1.0000000000000000     
 T T T T T T T T T T T T T T T T F F F F F F F F F F F F F F F F F F F F F F F F F F F F F F F F T T T T T T T T T T T T T T T T T T T T T T T T T T T T T T T T F F F F F F F F F F F F F F F F F F F F F F F F F F F F F F F F T T T T T T T T T T T T T T T T
  <DiscreteSampler_grid>
  grouped_processes
  1 # 1 for a reference and 2 for a running grid.
  10 # Attribute 'min_bin_probing_points' of the grid.
  1 # Attribute 'grid_mode' of the grid. 1=='default',2=='initialization'
  0.0000000000000000 # Attribute 'small_contrib_threshold' of the grid.
  0.5000000000000000 # Attribute 'damping_power' of the grid.
 # binID   n_entries weight   weight_sqr   abs_weight
    13   10   5.977959321793244E+002   1.755184303635719E+006   5.977959321793244E+002
    14   10   5.977959321793238E+002   1.755184303635715E+006   5.977959321793238E+002
    16   10   1.266429838056140E+003   8.121423515650904E+006   1.266429838056140E+003
    17   10   1.266429838056140E+003   8.121423515650891E+006   1.266429838056140E+003
    22   10   5.977959321793244E+002   1.755184303635719E+006   5.977959321793244E+002
    23   10   5.977959321793238E+002   1.755184303635715E+006   5.977959321793238E+002
    25   10   1.266429838056140E+003   8.121423515650908E+006   1.266429838056140E+003
    26   10   1.266429838056140E+003   8.121423515650894E+006   1.266429838056140E+003
    31   10   5.977959321793244E+002   1.755184303635718E+006   5.977959321793244E+002
    32   10   5.977959321793238E+002   1.755184303635715E+006   5.977959321793238E+002
    34   10   1.266429838056140E+003   8.121423515650908E+006   1.266429838056140E+003
    35   10   1.266429838056140E+003   8.121423515650894E+006   1.266429838056140E+003
    40   10   5.977959321793240E+002   1.755184303635718E+006   5.977959321793240E+002
    41   10   5.977959321793238E+002   1.755184303635715E+006   5.977959321793238E+002
    43   10   1.266429838056140E+003   8.121423515650910E+006   1.266429838056140E+003
    44   10   1.266429838056140E+003   8.121423515650894E+006   1.266429838056140E+003
  </DiscreteSampler_grid>
