 -0.00000232835285600  0.00004704954237863  0.00007488516377613  0.00008383508432777
  0.00008718526418990  0.00008926464586396  0.00009045388713803  0.00009106554790582
  0.00009131311007968  0.00009151080742666  0.00009165484692535  0.00009177172599816
  0.00009186674020245  0.00009195010254058  0.00009201945240444  0.00009207115086643
  0.00009211162362713  0.00009214660962845  0.00009217701472675  0.00009220046642719
  0.00009222203277943  0.00009224235978869  0.00009226194418388  0.00009228083226406
  0.00009229858331635  0.00009230901555875  0.00009231918181399  0.00009232881597972
  0.00009233768260039  0.00009234546694277  0.00009235231843192  0.00009235867499719
  0.00009236465757024  0.00009236991531782  0.00009237485056611  0.00009237929207382
  0.00009238348737371  0.00009238751626981  0.00009239127147079  0.00009239493495818
  0.00009239846905273  0.00009240195881430  0.00009240599707567  0.00009241034274738
  0.00009241603801776  0.00009249570653431  0.00009249971203127  0.00009250299653110
  0.00009250600220672  0.00009250873528250  0.00009251151181514  0.00009251431643628
  0.00009251720647841  0.00009252007853563  0.00009252291488982  0.00009252613729491
  0.00009252964212044  0.00009253419295319  0.00009253900038851  0.00009254404910144
  0.00009254936410542  0.00009255482064991  0.00009256037889114  0.00009256603848662
  0.00009257211309765  0.00009257839693073  0.00009258504168630  0.00009259224773634
  0.00009260041493387  0.00009261067464004  0.00009262276884722  0.00009263607917136
  0.00009264961330441  0.00009266390269382  0.00009268160906083  0.00009270781788496
  0.00009273875373178  0.00009277330516554  0.00009281190476194  0.00009285754767353
  0.00009291090479458  0.00009296975086116  0.00009303950171966  0.00009312959272113
  0.00009324753251989  0.00009340847011992  0.00009360720663136  0.00009384550812413
  0.00009418988230867  0.00009469340165358  0.00009643945573059  0.00010096784763301
  0.00011070655949705  0.00015232568377905  0.02499602126752302  1.00000000000000000
 -0.00001126111734703  0.00007256761584192  0.00010836379403799  0.00012782779378216
  0.00013639273263539  0.00014280449556124  0.00014860195185837  0.00015428429420544
  0.00016066654332937  0.00016555264956149  0.00016916235786198  0.00017234986102967
  0.00017577975095857  0.00017910181355457  0.00018391568466892  0.00018870558899249
  0.00019274272933778  0.00019654908596395  0.00020011602096250  0.00020209975087973
  0.00020406122625456  0.00020638476260036  0.00020826336209800  0.00021003365323303
  0.00021221196544617  0.00021504698091799  0.00021761308230475  0.00022040619383889
  0.00022313202768564  0.00022685027608515  0.00023161901593844  0.00023642275383666
  0.00024129851643875  0.00024622940298495  0.00024913807950289  0.00025262078431190
  0.00025658649981081  0.00026117609744598  0.00026623075890558  0.00027142376611871
  0.00027668290867792  0.00028294467255730  0.00029066727763079  0.00029842297309639
  0.00030481107820973  0.00031043068505382  0.00031671616170123  0.00032400337037282
  0.00033302047390441  0.00034366103317814  0.00035491212015019  0.00036705807799513
  0.00037843620046282  0.00038970433012141  0.00040092323398232  0.00041385801481090
  0.00042952990782140  0.00044725340375790  0.00046628892945984  0.00048662000952383
  0.00050871262605883  0.00053629008561647  0.00055698050928314  0.00057795847813575
  0.00059864311884796  0.00061655482824799  0.00063240006441761  0.00064854322932590
  0.00066705006986250  0.00068920793623427  0.00070745523363200  0.00072097086527787
  0.00073272324985510  0.00074505903949020  0.00076043073564343  0.00077957707396027
  0.00080240555191341  0.00082484877018837  0.00084950175784818  0.00087914278225627
  0.00090108858173731  0.00092774119192945  0.00096252478072852  0.00101286747047158
  0.00108642584998790  0.00118347784771974  0.00130615729700514  0.00142183974785350
  0.00156136451425143  0.00172694077806260  0.00194290956616024  0.00226626112376548
  0.00279161217763845  0.00555177610925192  0.13333286200114919  1.00000000000000000
 -0.00007627859128933  0.00171641327998156  0.00468713627106712  0.01212494488614197
  0.02310347178186425  0.03256986305720454  0.04217667605963419  0.05131394036527157
  0.05916523640209868  0.06903272378508145  0.08636163657187639  0.09761679474280388
  0.10687114104063700  0.11642355406825933  0.12708335002768326  0.13855706338957402
  0.15306231808789511  0.16944217881065027  0.18596002437059606  0.19844292482053516
  0.20940981499804312  0.22013023298971457  0.23117608154673072  0.24260278529428173
  0.25072657442453183  0.25705228673193287  0.26319785435792104  0.26918310049332123
  0.27584955402755851  0.27952850894122144  0.28283353056913768  0.28638739381085121
  0.29005301583816473  0.29425612375104282  0.29838523966558411  0.30275274995127172
  0.30762426910445539  0.31261959283838342  0.31906848018613498  0.33095673317770080
  0.34537460168487422  0.35946729735843042  0.37256729564272406  0.38394536068965313
  0.39442029920376248  0.40539195301801856  0.41654453354657112  0.42672656580123597
  0.43516495133598959  0.44134488075698175  0.44777868076718802  0.45435257223123504
  0.46071808169337419  0.46705966688560557  0.47279142444576611  0.47900269257971512
  0.48680994065951433  0.49854592784325424  0.50561209620170100  0.51244255858051735
  0.51939307831576242  0.52619775835317451  0.53304725693591315  0.54031086651423355
  0.54792829411969290  0.55775018824075973  0.56842946352683943  0.57841376280747925
  0.58762543115247923  0.59625850730212948  0.60578004731130852  0.61726716816866312
  0.62949183413231669  0.64210725065159246  0.65634731554085779  0.67508365308098217
  0.69696922995382193  0.72103989921486444  0.74444554573287325  0.76733889102821373
  0.78247918130918548  0.79692569351488329  0.81201992908710041  0.82725351989572238
  0.84272861725325399  0.85793103812631877  0.87304890736061480  0.88941959998072961
  0.91157913954854819  0.93174918860595279  0.94834685423122422  0.96174533672149531
  0.97320913449439794  0.98335353384237312  0.99183379695617646  1.00000000000000000
 -0.00369280582474827  0.01245717161833991  0.02444035254508663  0.03405873726203730
  0.04378362498710758  0.05316841529120411  0.06501717363158156  0.07853214922285701
  0.09381427747469366  0.10887245424867420  0.12170839133105522  0.13200332982191051
  0.14299291698164809  0.15378268080057958  0.16367190363202830  0.17323107631809814
  0.18280324652277852  0.19360395394576754  0.20626123547874495  0.21858460831940404
  0.22855879440587901  0.23809938244209014  0.24787498239555814  0.25931678801834296
  0.27050037401742921  0.28353185474019166  0.30138449271580342  0.32265072177822146
  0.34418985341246905  0.35885097021805740  0.37089476444333935  0.38092669637750670
  0.39028893674876086  0.39902563248915962  0.41243125580384232  0.42517021616924494
  0.43803020351019739  0.45028797153351624  0.46112145907598712  0.46902495916096426
  0.47457762823887195  0.47975267776276886  0.48457825001352961  0.49104182014325171
  0.50081725634034957  0.50979053897314408  0.51724249947214063  0.52316620749450848
  0.52857906511895780  0.53471622451771450  0.54122020551080441  0.54898726641889706
  0.55532672613735201  0.56156569536131118  0.56905302369133615  0.57776152929931424
  0.58764456586288916  0.59778650049603355  0.60878479427036569  0.61970714373417379
  0.63011942177730496  0.64450943339870614  0.66103261884357334  0.67483826990752060
  0.68838253145008743  0.70129549017255088  0.71310713363352696  0.72516461422649936
  0.73800365057691941  0.75263225114783161  0.76755075135876916  0.78144868706956028
  0.79378844545066429  0.80511417231403171  0.81679640331545245  0.83191818145649576
  0.84265052888668135  0.84744784136078832  0.85387172651566123  0.86049889481536679
  0.86587353948344192  0.86969200723408369  0.87642792933864744  0.88209217987050392
  0.88834259226063395  0.89624675707006818  0.90709115519857375  0.91726057469005484
  0.92725824573813931  0.93705962742157645  0.94561723329969261  0.95380504778377506
  0.96506837005979451  0.97782703495081269  0.98941584158162255  1.00000000000000000
  0.00044934159580675  0.00323356506453760  0.00601778853326845  0.00829324651719650
  0.01004763513541185  0.01447467522430972  0.02523938629566230  0.03718005797644785
  0.04641827012028091  0.05302487718827431  0.06081878127190850  0.06835145659838278
  0.08907907010447588  0.10546945820823618  0.11995608986499580  0.13469228360710320
  0.15009498989105616  0.16374942709003054  0.17511906742138450  0.18442507219265550
  0.19304408775057283  0.20366117253621463  0.21371818701199799  0.22353323300120262
  0.24000981174200159  0.25714658424207276  0.27460526657031414  0.29132115798235436
  0.30573173548089061  0.31664848073315205  0.32460915652699918  0.33188281314420559
  0.33977798088385719  0.34761131925583533  0.35637962030125198  0.36537170941848252
  0.37393602740367837  0.38445505020765802  0.39693372547597283  0.41407047751951964
  0.43273644794799188  0.45054487308328567  0.46638037061275955  0.47583599490209877
  0.48519320544872291  0.49367160237915786  0.50076707471865900  0.50863557348695287
  0.52098756419023073  0.53451767799685856  0.54933178278513495  0.56921793144755795
  0.58290703675823741  0.59342473201887813  0.60292249313949509  0.61264544792217501
  0.62294136553615820  0.63276634446103919  0.64357203524327944  0.64668171714506206
  0.65089255762516329  0.65855374136616118  0.66494804570016541  0.67078229291452862
  0.67660850760818803  0.68270576817518058  0.68908691986839632  0.69576427596733081
  0.70775451272246359  0.72271403071877904  0.73829648767819656  0.74634589360334547
  0.75438119313024765  0.76270383391111796  0.77158010129177557  0.78043012660758093
  0.78939938316790059  0.79664890328981341  0.80319646038181991  0.81175704549845185
  0.81715651117436716  0.82093895669563755  0.82408418530825822  0.82812634501177984
  0.83570127716074083  0.84589242518615604  0.85870607149652367  0.87324350858953015
  0.88912546600297371  0.90537702535137832  0.92075355887072063  0.93823398530297120
  0.94934591097885013  0.96405051484631232  0.98004879423846092  1.00000000000000000
 -0.00142263485731956  0.00605227387040110  0.01348403749691066  0.02133098148459753
  0.03029428878920678  0.03898814711149828  0.04782073805786421  0.05406406927664142
  0.05901959860067244  0.06199532183772414  0.06516676440094857  0.07138212916278321
  0.07823786981349722  0.08304219559710785  0.08791288956419162  0.09445294817973707
  0.10296690153904990  0.11503781665622004  0.13080020227484998  0.14725844638060484
  0.16487832048651122  0.18495605715116623  0.20152493154961543  0.21600841069949447
  0.22824024908056867  0.23945214520411010  0.24935476447611829  0.25729719707753473
  0.26647779962220097  0.27873507434868061  0.29212960741582839  0.30607315899791132
  0.32283177272670838  0.33920941512746872  0.35290718730260767  0.36340390596995020
  0.37246234037840509  0.38114230723718168  0.38962877910724736  0.40242684125736694
  0.42189396230303144  0.43891576770048812  0.45486440471637218  0.47120914818949045
  0.48799179376069024  0.50172162803498022  0.51520256550199028  0.52793365000121639
  0.53792766010177029  0.54614993873889262  0.55382883475079991  0.56140058661958647
  0.57001015113290521  0.57949775237561596  0.58438015315089420  0.58910815341525447
  0.59379492730621952  0.59923978424306745  0.60709447310930498  0.62017654462751626
  0.63558774709334098  0.65022420506050682  0.66362165747757540  0.67833085948089455
  0.69502037034268016  0.71256495190409952  0.72976567908083245  0.74811991322713312
  0.75978430543024567  0.76815409901086129  0.77316383444958847  0.77780080494365833
  0.78366021464261804  0.79037290639511559  0.79722955344410740  0.80640424002821975
  0.81652105251376550  0.82696190065294328  0.83743874413402919  0.84752201265212102
  0.85861415008695352  0.87220931038591298  0.88534412493763814  0.89672899153099872
  0.90696277122199243  0.91662947264416650  0.92572746793787219  0.93445229746170344
  0.94198359276257992  0.94898793708187157  0.95557724826034907  0.96157728520827312
  0.96811977860507958  0.97766936668173476  0.98800353545213426  1.00000000000000000
 -0.00558655055063940  0.01856246334339277  0.04045462353779414  0.05963144400816076
  0.07951070206930198  0.09763154084595325  0.11232749449106696  0.12298049197349364
  0.13063992605710370  0.13704851173277688  0.14265035716057226  0.14873416587863303
  0.15792833647468038  0.17262657842261009  0.19533455810125389  0.21461020303943318
  0.22705233142074832  0.23584169357977164  0.24496923290072023  0.25419128738338032
  0.26226983981082930  0.27076224641832325  0.28082253920182909  0.29089526567254437
  0.30120206368218605  0.31148495707740920  0.32217195904687390  0.33182465841425901
  0.34219320277983944  0.34727594992819893  0.34984242677752719  0.35299434991080803
  0.35648238416934730  0.36168714303704219  0.36966054382629859  0.37993295920518166
  0.39194352196534815  0.40169911314439133  0.40840773901308353  0.41501240271943218
  0.42162138490238565  0.43190820010529507  0.44374592602196755  0.45292936359046210
  0.46058559099365676  0.46733650978684577  0.47599766484186468  0.48841456974901953
  0.49830550590147665  0.50483998109543571  0.51165634617495415  0.51996849014507607
  0.52849709818016199  0.54017336985752351  0.55313360877036299  0.56361504949818919
  0.57360713630457028  0.58103890199697872  0.58888213866617523  0.59761896448224472
  0.60839201137193288  0.61508884722655233  0.62349556446826038  0.63736490782430799
  0.65511377586986153  0.67280520925262299  0.68945311192174386  0.70439691060279874
  0.71820711537390369  0.73183058154731440  0.74615069630178910  0.76062596788511005
  0.77527276171237780  0.79034798665958084  0.80793624013406928  0.82620438794782336
  0.84460588818308258  0.86111968543374862  0.87052064358164816  0.88026027924274908
  0.88811982112577958  0.89602585826325221  0.90237569860514888  0.90780347108747050
  0.91166539151446790  0.91578589352576634  0.92069248867692066  0.92502901551986672
  0.92817305251928583  0.93254595330204382  0.93774343212497213  0.94412915916971474
  0.95523484899043143  0.96832741869320971  0.98277074725945091  1.00000000000000000
 -0.00127280357153510  0.00602322717532150  0.01294811592656305  0.01777721806376700
  0.02171029797827721  0.02476115154272467  0.02674617329171227  0.03110011256077536
  0.03589567020302228  0.04352528310619470  0.05365616526388508  0.06355585667766869
  0.07261726310531440  0.08097348943522949  0.09039184472186804  0.10140491049826042
  0.11345905832861672  0.12732105972293944  0.14019867931622204  0.15234804842334512
  0.16297905711058777  0.17207100371028805  0.17922781636381951  0.18559077895992671
  0.19127619097458062  0.19660424455077524  0.20430992221010413  0.21290582441323000
  0.22160462095646991  0.22894049445679593  0.23994671733313649  0.25145022006640322
  0.26459606998418977  0.27851881940541273  0.29315797520711612  0.30724123932431341
  0.32009334755314856  0.33306392436720045  0.34858691568818045  0.36461043360221557
  0.37895832679694075  0.39301632430050565  0.40579797993438399  0.41781482016009563
  0.42916935012114732  0.44046358761065957  0.45261805523177090  0.46541394877108688
  0.47689459288475455  0.48873820760934861  0.50177088954015092  0.51503168062020455
  0.52647485683156792  0.53720971513088711  0.55367948629449326  0.57071305543182016
  0.58745513246334358  0.60277985444213644  0.61611464014822326  0.62796121546528461
  0.63929530321592865  0.65193017580197354  0.66338103294734474  0.67236125093832966
  0.68045982494645851  0.68719884266097120  0.69350320118988906  0.69926674301046277
  0.70394524165714689  0.70852259801010498  0.71381902889961280  0.72027673024851613
  0.72581440991208779  0.73541000430064596  0.74260312092225733  0.74910296200644910
  0.75494497774226210  0.76080542248641614  0.76711094317566586  0.77603267674926357
  0.78952670651725321  0.80524166210644144  0.82195997770021223  0.83904621389857548
  0.85603518954276014  0.87301235827750490  0.89188625687820589  0.91052674143269141
  0.92631517028312382  0.93882040916250964  0.94846654574846645  0.95810372461036108
  0.96695350936203750  0.97560371776998134  0.98557662520922140  1.00000000000000000
  0.33201941918345501  0.76200454409242813  0.79111347812291088  0.80554426390432765
  0.81511801436876152  0.82230292550936657  0.82991525862632776  0.83761977806359522
  0.84375892398269658  0.84815443575915483  0.85133224845380284  0.85396478247306351
  0.85680253386516825  0.86047831064892877  0.86441461883900861  0.86811006372345589
  0.87201099005443794  0.87536561777163913  0.87845119667952964  0.88166042876337358
  0.88512010462147628  0.88874272688956901  0.89200936997941693  0.89453364680031988
  0.89691822081685935  0.89973805029863174  0.90254029833994387  0.90491897062316518
  0.90699487808838108  0.90885721918635864  0.91073244644026796  0.91273784143064007
  0.91461187413083822  0.91604192614049151  0.91768550528659609  0.91923235126445468
  0.92090383097116368  0.92247163034175428  0.92390628897253879  0.92553260768036805
  0.92755698976159484  0.92967929127835658  0.93138766086908453  0.93290297504616415
  0.93428788261884543  0.93574436066192357  0.93740211591651690  0.93921163215839254
  0.94089541899872087  0.94201095961324777  0.94288473116932670  0.94385311677597050
  0.94478209710829120  0.94560117817505673  0.94637914006897905  0.94731506102683172
  0.94820389508815806  0.94918053075811948  0.95018492227753726  0.95121433967907099
  0.95251704566624029  0.95379561469328900  0.95495537617325588  0.95604191907891989
  0.95713762838502614  0.95830964970341903  0.95959035526963721  0.96106418083854694
  0.96257437417243408  0.96409146279816849  0.96559376807078778  0.96698768495538767
  0.96817392514511225  0.96952324718490412  0.97096274687946160  0.97206704929948751
  0.97302944075496034  0.97399415598774330  0.97491528207453837  0.97592629738653125
  0.97701370567473311  0.97810603001992835  0.97916801854654589  0.98022693239552261
  0.98132419091850753  0.98273308200671983  0.98430952874594602  0.98597146527704504
  0.98729054756451573  0.98855721355242254  0.98993397969555796  0.99156284125033911
  0.99342823810915859  0.99529201347836804  0.99741005345442224  1.00000000000000000
  0.01286194137103862  0.14546166616019557  0.20660262016537456  0.23013316535421277
  0.24664713025753940  0.25910447799323438  0.27119154311433957  0.28841460241904204
  0.30604797857172278  0.32239590337985979  0.33418389373901569  0.34418926409117118
  0.35356092086733343  0.36099223251573731  0.36798014885415581  0.37732882620925956
  0.39415670319017193  0.40611766773698627  0.41827534138944072  0.42727387662256872
  0.43469994300488252  0.44163880424658342  0.44881287201066949  0.45507867211163178
  0.46091175353954794  0.46696385526308715  0.47243596231659252  0.47841331308148161
  0.48408839467067155  0.48950725309865828  0.49562477805559724  0.50324166175130636
  0.51077859907806133  0.51523761580064287  0.52036420014843976  0.52481496740953815
  0.52857601239756580  0.53307763670203312  0.54081604596116073  0.54848765441882752
  0.55542475002286518  0.56309503906142255  0.56933593263794879  0.57497820441479741
  0.58078393579807575  0.58719567290958730  0.59442178077222163  0.60143890251012655
  0.60801686668271548  0.61492881723767723  0.62223634515918813  0.62928513092471727
  0.63529342817478740  0.64026959391758564  0.64506746633580136  0.64979602787258939
  0.65500392241032035  0.65985492347765529  0.66443505172710016  0.66887469786884612
  0.67314711077646450  0.67720761403409147  0.68146979178044620  0.68685041978176087
  0.69314615911389554  0.70012979827126576  0.70676066284186256  0.71349327320753353
  0.71998957624395743  0.72539559021739608  0.72953909960091590  0.73375046244293329
  0.73735571864727856  0.73994916837728641  0.74203817754806090  0.74486392779351218
  0.74766576435128207  0.74993711514219885  0.75240955507693319  0.75485597326274334
  0.75696073846864076  0.75959700530170604  0.76286915756662699  0.76624451311390529
  0.76939767553631433  0.77307235201296609  0.77712262894609085  0.78440337666132209
  0.79170188373215666  0.79957737449846256  0.80875242423961768  0.81840284411325204
  0.82840333271783351  0.84684926207581002  0.89553731371439871  1.00000000000000000
   1.3831350850649249E-013  -1.0000000000000000     
 T T T T T T T T T T T T T T T T F F F F F F F F F F F F F F F F F F F F F F F F F F F F F F F F T T T T T T T T T T T T T T T T T T T T T T T T T T T T T T T T F F F F F F F F F F F F F F F F F F F F F F F F F F F F F F F F T T T T T T T T T T T T T T T T
  <DiscreteSampler_grid>
  grouped_processes
  1 # 1 for a reference and 2 for a running grid.
  10 # Attribute 'min_bin_probing_points' of the grid.
  1 # Attribute 'grid_mode' of the grid. 1=='default',2=='initialization'
  0.0000000000000000 # Attribute 'small_contrib_threshold' of the grid.
  0.5000000000000000 # Attribute 'damping_power' of the grid.
 # binID   n_entries weight   weight_sqr   abs_weight
    13   10   1.370308854360434E-010   8.389223122317373E-020   1.370308854360434E-010
    14   10   1.370308854360431E-010   8.389223122317330E-020   1.370308854360431E-010
    16   10   1.442913276275604E-010   9.719374476137460E-020   1.442913276275604E-010
    17   10   1.442913276275602E-010   9.719374476137427E-020   1.442913276275602E-010
    22   10   1.734962691677380E-010   9.144505573531722E-020   1.734962691677380E-010
    23   10   1.734962691677381E-010   9.144505573531723E-020   1.734962691677381E-010
    25   10   1.340810233094882E-010   4.872507942971417E-020   1.340810233094882E-010
    26   10   1.340810233094883E-010   4.872507942971425E-020   1.340810233094883E-010
    31   10   1.734962691677380E-010   9.144505573531718E-020   1.734962691677380E-010
    32   10   1.734962691677381E-010   9.144505573531716E-020   1.734962691677381E-010
    34   10   1.340810233094882E-010   4.872507942971417E-020   1.340810233094882E-010
    35   10   1.340810233094883E-010   4.872507942971424E-020   1.340810233094883E-010
    40   10   1.370308854360434E-010   8.389223122317366E-020   1.370308854360434E-010
    41   10   1.370308854360431E-010   8.389223122317322E-020   1.370308854360431E-010
    43   10   1.442913276275604E-010   9.719374476137460E-020   1.442913276275604E-010
    44   10   1.442913276275602E-010   9.719374476137427E-020   1.442913276275602E-010
    49   10   1.370308854360434E-010   8.389223122317373E-020   1.370308854360434E-010
    50   10   1.370308854360431E-010   8.389223122317330E-020   1.370308854360431E-010
    52   10   1.442913276275604E-010   9.719374476137456E-020   1.442913276275604E-010
    53   10   1.442913276275602E-010   9.719374476137427E-020   1.442913276275602E-010
    58   10   1.734962691677380E-010   9.144505573531718E-020   1.734962691677380E-010
    59   10   1.734962691677380E-010   9.144505573531709E-020   1.734962691677380E-010
    61   10   1.340810233094882E-010   4.872507942971417E-020   1.340810233094882E-010
    62   10   1.340810233094883E-010   4.872507942971423E-020   1.340810233094883E-010
    67   10   1.370308854360434E-010   8.389223122317373E-020   1.370308854360434E-010
    68   10   1.370308854360431E-010   8.389223122317322E-020   1.370308854360431E-010
    70   10   1.442913276275604E-010   9.719374476137456E-020   1.442913276275604E-010
    71   10   1.442913276275602E-010   9.719374476137427E-020   1.442913276275602E-010
    76   10   1.734962691677380E-010   9.144505573531713E-020   1.734962691677380E-010
    77   10   1.734962691677380E-010   9.144505573531710E-020   1.734962691677380E-010
    79   10   1.340810233094882E-010   4.872507942971415E-020   1.340810233094882E-010
    80   10   1.340810233094883E-010   4.872507942971423E-020   1.340810233094883E-010
  </DiscreteSampler_grid>
